01	001	40.26	0.00	40.26
01	003	41.90	0.24	42.14
01	005	15.03	0.00	15.03
01	007	3.31	0.01	3.32
01	009	51.29	0.00	51.29
01	011	4.84	0.00	4.84
01	013	3.73	0.00	3.73
01	015	26.30	0.00	26.30
01	017	12.56	0.00	12.56
01	019	6.43	0.00	6.43
01	021	5.64	0.00	5.64
01	023	50.77	1.26	52.03
01	025	25.62	0.36	25.98
01	027	2.65	0.00	2.65
01	029	2.58	0.00	2.58
01	031	16.25	0.00	16.25
01	033	91.06	0.00	91.06
01	035	2.20	0.01	2.21
01	037	0.93	0.00	0.93
01	039	12.36	0.01	12.37
01	041	2.51	0.00	2.51
01	043	20.29	0.00	20.29
01	045	13.75	0.00	13.75
01	047	57.16	0.00	57.16
01	049	9.84	0.00	9.84
01	051	6.29	0.00	6.29
01	053	47.04	2.19	49.23
01	055	264.51	0.00	264.51
01	057	3.05	0.01	3.06
01	059	5.28	0.00	5.28
01	061	3.90	0.00	3.90
01	063	320.39	0.00	320.39
01	065	39.15	0.02	39.17
01	067	9.48	0.00	9.48
01	069	120.04	0.00	120.04
01	071	1301.59	0.00	1301.59
01	073	90.58	1.54	92.12
01	075	4.20	0.13	4.33
01	077	16.13	0.00	16.13
01	079	62.14	0.00	62.14
01	081	18.89	0.00	18.89
01	083	792.26	0.00	792.26
01	085	8.53	0.00	8.53
01	087	6.79	0.00	6.79
01	089	54.01	0.00	54.01
01	091	31.91	0.00	31.91
01	093	6.59	0.01	6.60
01	095	22.38	0.00	22.38
01	097	1104.54	1.10	1105.64
01	099	63.81	0.05	63.86
01	101	59.98	0.00	59.98
01	103	140.11	0.00	140.11
01	105	8.29	0.00	8.29
01	107	6.17	0.02	6.19
01	109	11.83	0.00	11.83
01	111	2.20	0.00	2.20
01	113	34.13	0.00	34.13
01	115	8.67	0.00	8.67
01	117	719.94	0.09	720.03
01	119	9.58	0.00	9.58
01	121	77.21	0.00	77.21
01	123	13.07	0.00	13.07
01	125	35.26	1.98	37.24
01	127	906.71	0.01	906.72
01	129	86.44	0.02	86.46
01	131	43.01	0.00	43.01
01	133	2.65	0.00	2.65
02	013	1.65	1.75	3.40
02	016	3.26	0.00	3.26
02	020	45.21	0.00	45.21
02	050	0.37	0.00	0.37
02	060	0.08	0.00	0.08
02	068	16.69	0.00	16.69
02	070	0.30	0.00	0.30
02	090	32.02	0.00	32.02
02	100	0.51	0.00	0.51
02	110	4.65	0.00	4.65
02	122	8.56	0.45	9.01
02	130	54.11	0.00	54.11
02	150	5.26	0.00	5.26
02	164	0.09	0.00	0.09
02	170	5.66	0.00	5.66
02	180	1.25	0.00	1.25
02	185	0.85	115.19	116.04
02	188	6.37	0.00	6.37
02	201	1.48	0.00	1.48
02	220	5.12	0.00	5.12
02	232	0.39	0.00	0.39
02	240	2.66	0.00	2.66
02	261	4.52	0.00	4.52
02	270	0.21	0.00	0.21
02	280	1.95	0.00	1.95
02	282	0.26	0.00	0.26
02	290	7.65	0.00	7.65
04	001	39.03	0.00	39.03
04	003	233.96	0.00	233.96
04	005	47.32	0.00	47.32
04	007	40.58	2.30	42.88
04	009	176.36	0.00	176.36
04	011	36.81	6.84	43.65
04	012	628.59	0.00	628.59
04	013	2392.04	0.00	2392.04
04	015	140.32	0.00	140.32
04	017	63.65	0.00	63.65
04	019	263.76	0.00	263.76
04	021	1257.14	5.03	1262.17
04	023	15.37	0.00	15.37
04	025	82.39	0.00	82.39
04	027	1398.58	0.00	1398.58
05	001	820.61	0.00	820.61
05	003	134.75	0.00	134.75
05	005	5.53	0.00	5.53
05	007	336.29	0.00	336.29
05	009	4.60	0.00	4.60
05	011	1.46	0.00	1.46
05	013	1.09	0.00	1.09
05	015	7.28	0.00	7.28
05	017	233.45	0.00	233.45
05	019	5.16	0.00	5.16
05	021	176.10	0.00	176.10
05	023	6.74	0.00	6.74
05	025	1.30	0.00	1.30
05	027	6.27	0.00	6.27
05	029	28.54	0.00	28.54
05	031	349.64	0.00	349.64
05	033	15.89	0.00	15.89
05	035	112.40	0.00	112.40
05	037	299.15	0.00	299.15
05	039	1.18	0.00	1.18
05	041	330.34	0.00	330.34
05	043	71.00	0.00	71.00
05	045	11.90	0.00	11.90
05	047	12.56	0.00	12.56
05	049	73.75	0.00	73.75
05	051	266.28	0.00	266.28
05	053	2.26	0.00	2.26
05	055	153.73	0.00	153.73
05	057	9.44	0.00	9.44
05	059	8.10	0.00	8.10
05	061	5.85	0.00	5.85
05	063	36.57	0.00	36.57
05	065	2.93	0.00	2.93
05	067	298.28	0.00	298.28
05	069	454.52	0.00	454.52
05	071	4.23	0.00	4.23
05	073	32.72	0.00	32.72
05	075	281.39	0.00	281.39
05	077	167.08	0.00	167.08
05	079	151.37	0.00	151.37
05	081	5.04	0.00	5.04
05	083	4.92	0.00	4.92
05	085	372.94	0.00	372.94
05	087	3.65	0.00	3.65
05	089	1.74	0.00	1.74
05	091	100.37	0.00	100.37
05	093	152.77	0.00	152.77
05	095	194.01	0.00	194.01
05	097	1.66	0.00	1.66
05	099	1.68	0.00	1.68
05	101	1.03	0.00	1.03
05	103	36.40	0.00	36.40
05	105	4.38	0.00	4.38
05	107	313.73	0.00	313.73
05	109	1.87	0.00	1.87
05	111	500.54	0.00	500.54
05	113	4.86	0.00	4.86
05	115	980.30	0.00	980.30
05	117	297.06	0.00	297.06
05	119	86.26	0.00	86.26
05	121	80.43	0.00	80.43
05	123	201.00	0.00	201.00
05	125	9.69	0.00	9.69
05	127	2.74	0.00	2.74
05	129	1.76	0.00	1.76
05	131	32.37	0.00	32.37
05	133	4.37	0.00	4.37
05	135	2.02	0.00	2.02
05	137	1.80	0.00	1.80
05	139	15.88	0.00	15.88
05	141	2.52	0.00	2.52
05	143	27.37	0.00	27.37
05	145	114.02	0.00	114.02
05	147	274.65	0.00	274.65
05	149	9.70	0.00	9.70
06	001	237.03	0.00	237.03
06	003	23.68	0.00	23.68
06	005	26.77	0.00	26.77
06	007	957.73	0.00	957.73
06	009	14.72	0.00	14.72
06	011	1049.13	0.00	1049.13
06	013	521.04	364.00	885.04
06	015	19.72	0.00	19.72
06	017	73.79	0.00	73.79
06	019	3547.74	6.14	3553.88
06	021	848.36	0.00	848.36
06	023	123.52	76.00	199.52
06	025	2607.68	0.92	2608.60
06	027	149.42	0.00	149.42
06	029	2462.68	52.10	2514.78
06	031	1413.43	0.01	1413.44
06	033	57.07	6.50	63.57
06	035	300.85	0.00	300.85
06	037	1683.03	2463.54	4146.57
06	039	980.96	0.00	980.96
06	041	40.97	0.00	40.97
06	043	8.32	0.00	8.32
06	045	52.56	0.00	52.56
06	047	1688.43	0.00	1688.43
06	049	429.00	0.00	429.00
06	051	221.43	0.00	221.43
06	053	632.55	662.54	1295.09
06	055	67.25	0.05	67.30
06	057	40.75	0.00	40.75
06	059	517.26	151.33	668.59
06	061	200.23	0.00	200.23
06	063	127.11	3.00	130.11
06	065	1432.29	0.10	1432.39
06	067	876.07	0.01	876.08
06	069	87.50	0.00	87.50
06	071	578.08	39.92	618.00
06	073	776.50	2392.08	3168.58
06	075	101.92	461.00	562.92
06	077	1816.79	0.00	1816.79
06	079	188.37	2514.98	2703.35
06	081	111.39	0.08	111.47
06	083	322.21	3.52	325.73
06	085	350.29	0.00	350.29
06	087	72.24	0.00	72.24
06	089	310.82	0.00	310.82
06	091	40.62	0.00	40.62
06	093	474.59	0.00	474.59
06	095	526.52	0.00	526.52
06	097	126.11	15.05	141.16
06	099	1437.92	0.00	1437.92
06	101	1053.87	0.00	1053.87
06	103	399.83	0.00	399.83
06	105	25.54	0.00	25.54
06	107	2208.74	0.00	2208.74
06	109	37.92	0.00	37.92
06	111	372.71	425.96	798.67
06	113	1090.05	0.00	1090.05
06	115	354.73	0.00	354.73
08	001	132.24	0.10	132.34
08	003	413.76	0.00	413.76
08	005	86.51	0.01	86.52
08	007	48.15	0.08	48.23
08	009	105.75	0.00	105.75
08	011	426.04	0.00	426.04
08	013	173.56	0.00	173.56
08	015	56.69	0.00	56.69
08	017	26.38	0.04	26.42
08	019	7.36	0.00	7.36
08	021	731.55	0.00	731.55
08	023	196.77	0.00	196.77
08	025	64.78	0.00	64.78
08	027	41.62	0.00	41.62
08	029	704.31	0.00	704.31
08	031	122.54	0.00	122.54
08	033	28.45	0.01	28.46
08	035	28.71	0.00	28.71
08	037	137.60	0.00	137.60
08	039	33.80	0.00	33.80
08	041	134.70	0.00	134.70
08	043	158.86	0.00	158.86
08	045	562.60	0.00	562.60
08	047	0.52	0.00	0.52
08	049	204.23	0.00	204.23
08	051	286.35	0.00	286.35
08	053	13.19	0.00	13.19
08	055	91.30	0.00	91.30
08	057	400.63	0.46	401.09
08	059	96.68	0.00	96.68
08	061	14.77	0.01	14.78
08	063	166.43	0.01	166.44
08	065	26.21	0.00	26.21
08	067	378.15	0.29	378.44
08	069	270.17	0.34	270.51
08	071	120.87	0.00	120.87
08	073	17.63	0.00	17.63
08	075	335.21	0.40	335.61
08	077	972.93	0.01	972.94
08	079	2.06	0.00	2.06
08	081	206.78	0.66	207.44
08	083	313.98	0.00	313.98
08	085	644.15	0.00	644.15
08	087	335.51	0.34	335.85
08	089	424.63	0.00	424.63
08	091	58.01	0.00	58.01
08	093	8.65	0.00	8.65
08	095	86.21	0.00	86.21
08	097	46.63	0.00	46.63
08	099	695.25	0.00	695.25
08	101	246.09	0.00	246.09
08	103	122.76	11.80	134.56
08	105	405.39	0.00	405.39
08	107	307.01	0.00	307.01
08	109	425.71	0.00	425.71
08	111	0.29	0.00	0.29
08	113	63.04	0.00	63.04
08	115	94.63	0.00	94.63
08	117	29.16	0.00	29.16
08	119	9.23	0.00	9.23
08	121	46.08	1.58	47.66
08	123	1161.93	0.44	1162.37
08	125	272.71	0.02	272.73
09	001	128.00	202.00	330.00
09	003	93.71	0.00	93.71
09	005	93.03	0.00	93.03
09	007	626.24	0.00	626.24
09	009	260.96	503.00	763.96
09	011	41.19	2473.37	2514.56
09	013	17.00	0.00	17.00
09	015	14.96	0.00	14.96
10	001	33.91	0.00	33.91
10	003	624.74	455.20	1079.94
10	005	93.44	288.20	381.64
11	001	10.19	0.00	10.19
12	001	48.31	0.00	48.31
12	003	5.37	0.00	5.37
12	005	58.86	259.65	318.51
12	007	7.51	0.00	7.51
12	009	135.53	1197.31	1332.84
12	011	287.33	1228.27	1515.60
12	013	4.19	0.00	4.19
12	015	49.88	0.00	49.88
12	017	30.01	1655.31	1685.32
12	019	21.52	0.00	21.52
12	021	208.20	0.00	208.20
12	023	16.74	0.00	16.74
12	025	569.25	82.50	651.75
12	027	70.94	0.00	70.94
12	029	3.41	0.00	3.41
12	031	145.09	575.09	720.18
12	033	269.55	0.00	269.55
12	035	14.15	0.00	14.15
12	037	2.89	0.00	2.89
12	039	16.38	0.00	16.38
12	041	9.36	0.00	9.36
12	043	99.59	0.00	99.59
12	045	31.09	5.76	36.85
12	047	46.18	0.00	46.18
12	049	51.00	0.00	51.00
12	051	557.01	0.00	557.01
12	053	41.62	0.00	41.62
12	055	119.47	0.00	119.47
12	057	246.34	2381.82	2628.16
12	059	7.24	0.00	7.24
12	061	212.87	53.59	266.46
12	063	81.05	0.00	81.05
12	065	11.61	0.00	11.61
12	067	7.45	0.00	7.45
12	069	83.11	0.00	83.11
12	071	134.01	365.25	499.26
12	073	39.30	0.00	39.30
12	075	23.42	0.00	23.42
12	077	1.63	0.00	1.63
12	079	9.33	0.00	9.33
12	081	122.73	0.00	122.73
12	083	52.07	0.00	52.07
12	085	170.03	0.00	170.03
12	087	1.78	0.32	2.10
12	089	44.65	2.25	46.90
12	091	29.94	0.00	29.94
12	093	41.22	0.00	41.22
12	095	259.56	0.00	259.56
12	097	81.48	0.00	81.48
12	099	959.84	472.76	1432.60
12	101	141.82	1027.43	1169.25
12	103	44.75	485.16	529.91
12	105	391.85	0.00	391.85
12	107	88.43	0.00	88.43
12	109	46.37	0.00	46.37
12	111	309.87	1175.47	1485.34
12	113	23.25	0.00	23.25
12	115	47.86	0.00	47.86
12	117	69.78	0.00	69.78
12	119	66.14	0.00	66.14
12	121	142.48	0.00	142.48
12	123	53.08	0.00	53.08
12	125	2.70	0.00	2.70
12	127	156.60	0.00	156.60
12	129	72.52	0.00	72.52
12	131	11.77	0.00	11.77
12	133	4.59	0.00	4.59
13	001	62.89	0.00	62.89
13	003	3.02	0.00	3.02
13	005	2.99	0.00	2.99
13	007	24.07	0.00	24.07
13	009	7.16	0.00	7.16
13	011	2.28	0.00	2.28
13	013	5.68	0.00	5.68
13	015	57.97	0.00	57.97
13	017	17.30	0.00	17.30
13	019	12.90	0.00	12.90
13	021	106.97	0.00	106.97
13	023	9.10	0.00	9.10
13	025	2.48	0.00	2.48
13	027	6.34	0.00	6.34
13	029	1.98	0.00	1.98
13	031	17.24	0.00	17.24
13	033	75.48	0.00	75.48
13	035	5.60	0.00	5.60
13	037	18.82	0.00	18.82
13	039	40.94	7.00	47.94
13	043	3.16	0.00	3.16
13	045	13.69	0.00	13.69
13	047	10.68	0.00	10.68
13	049	1.76	0.00	1.76
13	051	605.65	0.00	605.65
13	053	13.80	0.00	13.80
13	055	4.86	0.00	4.86
13	057	13.89	0.00	13.89
13	059	18.10	0.00	18.10
13	061	5.56	0.00	5.56
13	063	25.61	0.00	25.61
13	065	1.29	0.00	1.29
13	067	440.10	0.00	440.10
13	069	13.17	0.00	13.17
13	071	39.79	0.00	39.79
13	073	11.88	0.00	11.88
13	075	11.92	0.00	11.92
13	077	352.54	0.00	352.54
13	079	5.88	0.00	5.88
13	081	19.02	0.00	19.02
13	083	1.74	0.00	1.74
13	085	1.48	0.00	1.48
13	087	64.79	0.00	64.79
13	089	85.79	0.00	85.79
13	091	7.47	0.00	7.47
13	093	12.75	0.00	12.75
13	095	134.05	0.00	134.05
13	097	7.56	0.00	7.56
13	099	142.00	0.00	142.00
13	101	2.85	0.00	2.85
13	103	145.50	0.00	145.50
13	105	2.80	0.00	2.80
13	107	5.62	0.00	5.62
13	109	3.28	0.00	3.28
13	111	1.94	0.00	1.94
13	113	13.91	0.00	13.91
13	115	452.26	0.00	452.26
13	117	13.74	0.00	13.74
13	119	3.81	0.00	3.81
13	121	225.96	0.00	225.96
13	123	3.25	0.00	3.25
13	125	0.39	0.00	0.39
13	127	67.05	57.14	124.19
13	129	18.09	0.00	18.09
13	131	12.08	0.00	12.08
13	133	5.11	0.00	5.11
13	135	71.81	0.00	71.81
13	137	10.12	0.00	10.12
13	139	19.80	0.00	19.80
13	141	1.09	0.00	1.09
13	143	2.14	0.00	2.14
13	145	10.31	0.00	10.31
13	147	4.19	0.00	4.19
13	149	1.10	0.00	1.10
13	151	7.13	0.00	7.13
13	153	29.14	0.00	29.14
13	155	9.81	0.00	9.81
13	157	6.37	0.00	6.37
13	159	1.74	0.00	1.74
13	161	5.04	0.00	5.04
13	163	15.46	0.00	15.46
13	165	5.49	0.00	5.49
13	167	3.11	0.00	3.11
13	169	2.40	0.00	2.40
13	171	4.66	0.00	4.66
13	173	3.32	0.00	3.32
13	175	32.88	0.00	32.88
13	177	26.20	0.00	26.20
13	179	17.47	0.00	17.47
13	181	1.16	0.00	1.16
13	183	0.80	0.00	0.80
13	185	28.09	0.00	28.09
13	187	3.11	0.00	3.11
13	189	3.74	0.00	3.74
13	191	1.42	0.00	1.42
13	193	23.61	0.00	23.61
13	195	3.09	0.00	3.09
13	197	3.22	0.00	3.22
13	199	5.67	0.00	5.67
13	201	28.79	0.00	28.79
13	205	32.47	0.00	32.47
13	207	34.79	0.00	34.79
13	209	4.43	0.00	4.43
13	211	2.91	0.00	2.91
13	213	4.12	0.00	4.12
13	215	39.47	0.00	39.47
13	217	4.14	0.00	4.14
13	219	3.06	0.00	3.06
13	221	1.67	0.00	1.67
13	223	3.51	0.00	3.51
13	225	6.77	0.00	6.77
13	227	2.94	0.00	2.94
13	229	5.79	0.00	5.79
13	231	3.14	0.00	3.14
13	233	10.63	0.00	10.63
13	235	12.20	0.00	12.20
13	237	1010.49	0.00	1010.49
13	239	1.89	0.00	1.89
13	241	4.09	0.00	4.09
13	243	10.62	0.00	10.62
13	245	127.34	0.00	127.34
13	247	2.26	0.00	2.26
13	249	1.84	0.00	1.84
13	251	8.07	0.00	8.07
13	253	23.74	0.00	23.74
13	255	10.14	0.00	10.14
13	257	3.12	0.00	3.12
13	259	3.50	0.00	3.50
13	261	28.43	0.00	28.43
13	263	2.87	0.00	2.87
13	265	0.24	0.00	0.24
13	267	18.38	0.00	18.38
13	269	2.10	0.00	2.10
13	271	10.41	0.00	10.41
13	273	20.76	0.00	20.76
13	275	12.67	0.00	12.67
13	277	34.54	0.00	34.54
13	279	7.00	0.00	7.00
13	281	2.03	0.00	2.03
13	283	1.67	0.00	1.67
13	285	13.31	0.00	13.31
13	287	19.11	0.00	19.11
13	289	23.27	0.00	23.27
13	291	1.37	0.00	1.37
13	293	11.13	0.00	11.13
13	295	10.88	0.00	10.88
13	297	5.77	0.00	5.77
13	299	5.92	0.00	5.92
13	301	5.04	0.00	5.04
13	303	24.42	0.00	24.42
13	305	65.98	0.00	65.98
13	307	5.36	0.00	5.36
13	309	3.14	0.00	3.14
13	311	5.91	0.00	5.91
13	313	38.92	0.00	38.92
13	315	15.27	0.00	15.27
13	317	4.12	0.00	4.12
13	319	23.44	0.00	23.44
13	321	29.05	0.00	29.05
15	001	115.81	15.99	131.80
15	003	278.89	832.20	1111.09
15	005	0.00	0.00	0.00
15	007	243.82	17.10	260.92
15	009	373.91	56.33	430.24
16	001	1098.26	0.00	1098.26
16	003	63.65	0.00	63.65
16	005	313.50	0.00	313.50
16	007	117.30	0.00	117.30
16	009	8.04	0.00	8.04
16	011	1093.67	0.00	1093.67
16	013	160.22	0.00	160.22
16	015	15.24	0.00	15.24
16	017	35.17	0.00	35.17
16	019	644.85	0.00	644.85
16	021	2.34	0.00	2.34
16	023	167.63	0.00	167.63
16	025	26.99	0.00	26.99
16	027	639.02	0.00	639.02
16	029	225.35	0.00	225.35
16	031	585.47	0.00	585.47
16	033	105.76	0.00	105.76
16	035	36.40	0.00	36.40
16	037	141.75	0.00	141.75
16	039	327.42	0.00	327.42
16	041	177.68	0.00	177.68
16	043	338.39	0.00	338.39
16	045	135.63	0.00	135.63
16	047	1288.62	0.00	1288.62
16	049	30.26	0.00	30.26
16	051	1544.07	0.00	1544.07
16	053	1108.54	0.00	1108.54
16	055	47.12	0.00	47.12
16	057	11.66	0.00	11.66
16	059	123.71	0.00	123.71
16	061	1.09	0.00	1.09
16	063	420.61	0.00	420.61
16	065	295.29	0.00	295.29
16	067	526.83	0.00	526.83
16	069	18.58	0.00	18.58
16	071	103.32	0.00	103.32
16	073	474.04	0.00	474.04
16	075	254.10	0.00	254.10
16	077	305.51	0.00	305.51
16	079	9.94	0.00	9.94
16	081	116.30	0.00	116.30
16	083	1890.61	0.00	1890.61
16	085	28.14	0.00	28.14
16	087	83.38	0.00	83.38
17	001	23.50	0.00	23.50
17	003	2.45	0.00	2.45
17	005	2.40	0.00	2.40
17	007	6.26	0.00	6.26
17	009	0.44	0.00	0.44
17	011	8.14	0.00	8.14
17	013	8.33	0.00	8.33
17	015	8.53	0.00	8.53
17	017	9.52	0.00	9.52
17	019	36.10	0.00	36.10
17	021	775.62	0.46	776.08
17	023	4.20	0.11	4.31
17	025	1.67	0.72	2.39
17	027	7.48	0.31	7.79
17	029	7.73	0.12	7.85
17	031	1691.48	0.00	1691.48
17	033	57.60	3.60	61.20
17	035	1.89	0.11	2.00
17	037	12.01	0.00	12.01
17	039	712.00	0.00	712.00
17	041	5.74	0.00	5.74
17	043	18.34	0.00	18.34
17	045	2.75	0.09	2.84
17	047	1.18	0.49	1.67
17	049	5.88	0.22	6.10
17	051	5.74	1.28	7.02
17	053	3.94	0.00	3.94
17	055	15.49	0.23	15.72
17	057	273.39	0.00	273.39
17	059	9.95	0.27	10.22
17	061	3.05	0.00	3.05
17	063	2560.49	0.00	2560.49
17	065	0.48	0.51	0.99
17	067	3.17	0.00	3.17
17	069	2.77	0.00	2.77
17	071	15.12	0.00	15.12
17	073	9.07	0.00	9.07
17	075	4.39	0.00	4.39
17	077	190.91	0.00	190.91
17	079	531.13	1.10	532.23
17	081	2.76	0.77	3.53
17	083	7.34	0.00	7.34
17	085	8.56	0.00	8.56
17	087	1.96	0.00	1.96
17	089	53.42	0.00	53.42
17	091	28.97	0.00	28.97
17	093	5.51	0.00	5.51
17	095	8.65	0.00	8.65
17	097	2449.32	0.00	2449.32
17	099	888.19	0.00	888.19
17	101	6.66	7.22	13.88
17	103	15.63	0.00	15.63
17	105	7.18	0.00	7.18
17	107	4.82	0.00	4.82
17	109	4.63	0.00	4.63
17	111	39.84	0.00	39.84
17	113	16.96	0.00	16.96
17	115	46.55	0.00	46.55
17	117	10.48	0.00	10.48
17	119	308.10	0.09	308.19
17	121	5.68	0.65	6.33
17	123	4.36	0.00	4.36
17	125	118.99	0.00	118.99
17	127	592.23	0.00	592.23
17	129	1.93	0.00	1.93
17	131	4.62	0.00	4.62
17	133	2.79	0.00	2.79
17	135	333.72	0.00	333.72
17	137	159.05	0.00	159.05
17	139	2.56	0.00	2.56
17	141	30.79	0.00	30.79
17	143	110.44	0.00	110.44
17	145	11.33	0.01	11.34
17	147	3.29	0.00	3.29
17	149	23.44	0.00	23.44
17	151	0.53	0.00	0.53
17	153	1.31	0.00	1.31
17	155	166.74	0.00	166.74
17	157	1179.41	0.00	1179.41
17	159	2.32	0.91	3.23
17	161	924.93	0.00	924.93
17	163	46.76	0.00	46.76
17	165	0.51	0.35	0.86
17	167	336.94	0.00	336.94
17	169	2.16	0.00	2.16
17	171	6.28	0.00	6.28
17	173	4.37	0.04	4.41
17	175	1.39	0.00	1.39
17	177	10.88	0.00	10.88
17	179	798.48	0.00	798.48
17	181	3.84	0.00	3.84
17	183	16.34	0.00	16.34
17	185	6.60	1.23	7.83
17	187	3.62	0.00	3.62
17	189	2.82	0.35	3.17
17	191	3.66	1.71	5.37
17	193	3.95	2.49	6.44
17	195	33.02	0.00	33.02
17	197	3907.86	0.00	3907.86
17	199	13.73	0.03	13.76
17	201	46.61	0.00	46.61
17	203	10.75	0.00	10.75
18	001	7.44	0.00	7.44
18	003	54.84	0.00	54.84
18	005	21.79	0.00	21.79
18	007	1.86	0.00	1.86
18	009	2.21	0.00	2.21
18	011	5.44	0.00	5.44
18	013	0.56	0.00	0.56
18	015	4.67	0.00	4.67
18	017	29.19	0.00	29.19
18	019	31.18	0.00	31.18
18	021	2.10	0.00	2.10
18	023	6.50	0.00	6.50
18	025	6.32	0.00	6.32
18	027	9.00	0.00	9.00
18	029	621.75	0.00	621.75
18	031	4.35	0.00	4.35
18	033	7.53	0.00	7.53
18	035	18.80	0.00	18.80
18	037	9.52	0.00	9.52
18	039	43.42	0.00	43.42
18	041	4.47	0.00	4.47
18	043	271.50	0.00	271.50
18	045	3.70	0.00	3.70
18	047	2.71	0.00	2.71
18	049	8.20	0.00	8.20
18	051	49.09	0.00	49.09
18	053	13.58	0.00	13.58
18	055	24.22	0.00	24.22
18	057	76.05	0.00	76.05
18	059	5.49	0.00	5.49
18	061	2.76	0.00	2.76
18	063	9.89	0.00	9.89
18	065	11.81	0.00	11.81
18	067	22.94	0.00	22.94
18	069	5.16	0.00	5.16
18	071	9.95	0.00	9.95
18	073	30.99	0.00	30.99
18	075	3.90	0.00	3.90
18	077	1317.80	0.00	1317.80
18	079	4.03	0.00	4.03
18	081	13.08	0.00	13.08
18	083	61.00	0.00	61.00
18	085	23.11	0.00	23.11
18	087	11.72	0.00	11.72
18	089	2173.68	0.00	2173.68
18	091	85.53	0.00	85.53
18	093	8.80	0.00	8.80
18	095	21.57	0.00	21.57
18	097	318.48	0.00	318.48
18	099	7.48	0.00	7.48
18	101	2.94	0.00	2.94
18	103	7.41	0.00	7.41
18	105	14.62	0.00	14.62
18	107	6.60	0.00	6.60
18	109	151.20	0.00	151.20
18	111	4.44	0.00	4.44
18	113	9.96	0.00	9.96
18	115	0.68	0.00	0.68
18	117	2.82	0.00	2.82
18	119	2.19	0.00	2.19
18	121	1.89	0.00	1.89
18	123	2.44	0.00	2.44
18	125	472.61	0.00	472.61
18	127	678.94	0.00	678.94
18	129	19.51	0.00	19.51
18	131	9.87	0.00	9.87
18	133	7.95	0.00	7.95
18	135	4.24	0.00	4.24
18	137	4.14	0.00	4.14
18	139	3.33	0.00	3.33
18	141	94.33	0.00	94.33
18	143	4.18	0.00	4.18
18	145	8.49	0.00	8.49
18	147	31.62	0.00	31.62
18	149	7.27	0.00	7.27
18	151	4.25	0.00	4.25
18	153	450.34	0.00	450.34
18	155	4.27	0.00	4.27
18	157	44.78	0.00	44.78
18	159	2.20	0.00	2.20
18	161	0.88	0.00	0.88
18	163	29.50	0.00	29.50
18	165	469.71	0.00	469.71
18	167	327.96	0.00	327.96
18	169	10.35	0.00	10.35
18	171	6.23	0.00	6.23
18	173	709.03	0.00	709.03
18	175	4.29	0.00	4.29
18	177	16.23	0.00	16.23
18	179	4.06	0.00	4.06
18	181	6.43	0.00	6.43
18	183	3.97	0.00	3.97
19	001	2.00	0.00	2.00
19	003	1.67	0.00	1.67
19	005	212.42	0.00	212.42
19	007	5.43	0.00	5.43
19	009	1.77	0.00	1.77
19	011	3.47	0.00	3.47
19	013	57.32	0.00	57.32
19	015	3.38	0.00	3.38
19	017	4.82	0.00	4.82
19	019	3.81	0.00	3.81
19	021	5.36	0.00	5.36
19	023	7.77	0.00	7.77
19	025	2.34	0.00	2.34
19	027	5.49	0.00	5.49
19	029	3.62	0.00	3.62
19	031	3.00	0.00	3.00
19	033	9.44	0.00	9.44
19	035	4.68	0.00	4.68
19	037	2.73	0.00	2.73
19	039	1.56	0.00	1.56
19	041	3.32	0.00	3.32
19	043	5.06	0.00	5.06
19	045	279.11	0.00	279.11
19	047	3.67	0.00	3.67
19	049	6.14	0.00	6.14
19	051	1.28	0.00	1.28
19	053	1.65	0.00	1.65
19	055	5.65	0.00	5.65
19	057	115.20	0.00	115.20
19	059	3.02	0.00	3.02
19	061	81.50	0.00	81.50
19	063	2.36	0.00	2.36
19	065	4.85	0.00	4.85
19	067	3.69	0.00	3.69
19	069	2.50	0.00	2.50
19	071	6.33	0.00	6.33
19	073	2.08	0.00	2.08
19	075	2.15	0.00	2.15
19	077	2.21	0.00	2.21
19	079	3.07	0.00	3.07
19	081	3.56	0.00	3.56
19	083	4.95	0.00	4.95
19	085	11.65	0.00	11.65
19	087	2.63	0.00	2.63
19	089	1.95	0.00	1.95
19	091	3.59	0.00	3.59
19	093	1.79	0.00	1.79
19	095	3.40	0.00	3.40
19	097	8.50	0.00	8.50
19	099	7.52	0.00	7.52
19	101	2.51	0.00	2.51
19	103	62.93	0.00	62.93
19	105	4.03	0.00	4.03
19	107	2.50	0.00	2.50
19	109	3.44	0.00	3.44
19	111	18.52	0.00	18.52
19	113	259.86	0.00	259.86
19	115	10.21	0.00	10.21
19	117	1.38	0.00	1.38
19	119	4.39	0.00	4.39
19	121	2.16	0.00	2.16
19	123	3.74	0.00	3.74
19	125	5.67	0.00	5.67
19	127	11.11	0.00	11.11
19	129	2.53	0.00	2.53
19	131	2.33	0.00	2.33
19	133	12.24	0.00	12.24
19	135	1.26	0.00	1.26
19	137	1.88	0.00	1.88
19	139	270.13	0.00	270.13
19	141	3.67	0.00	3.67
19	143	2.77	0.00	2.77
19	145	3.06	0.00	3.06
19	147	2.89	0.00	2.89
19	149	6.35	0.00	6.35
19	151	1.65	0.00	1.65
19	153	56.52	0.00	56.52
19	155	468.82	0.00	468.82
19	157	2.96	0.00	2.96
19	159	1.27	0.00	1.27
19	161	3.47	0.00	3.47
19	163	100.76	0.00	100.76
19	165	2.57	0.00	2.57
19	167	15.57	0.00	15.57
19	169	12.81	0.00	12.81
19	171	4.81	0.00	4.81
19	173	1.35	0.00	1.35
19	175	3.34	0.00	3.34
19	177	1.31	0.00	1.31
19	179	20.15	0.00	20.15
19	181	7.52	0.00	7.52
19	183	3.88	0.00	3.88
19	185	0.91	0.00	0.91
19	187	8.84	0.00	8.84
19	189	1.92	0.00	1.92
19	191	5.43	0.00	5.43
19	193	672.15	0.00	672.15
19	195	5.28	0.00	5.28
19	197	3.32	0.00	3.32
20	001	2.89	0.00	2.89
20	003	1.67	0.00	1.67
20	005	5.90	0.00	5.90
20	007	4.70	0.00	4.70
20	009	38.24	0.01	38.25
20	011	3.33	0.00	3.33
20	013	2.13	0.00	2.13
20	015	12.82	0.00	12.82
20	017	0.87	0.00	0.87
20	019	1.24	0.00	1.24
20	021	92.32	0.00	92.32
20	023	37.97	0.00	37.97
20	025	5.30	0.00	5.30
20	027	14.50	0.00	14.50
20	029	15.17	0.00	15.17
20	031	23.50	0.00	23.50
20	033	7.66	0.00	7.66
20	035	9.59	0.00	9.59
20	037	6.80	0.00	6.80
20	039	13.22	0.00	13.22
20	041	5.20	0.00	5.20
20	043	0.85	0.00	0.85
20	045	21.61	0.00	21.61
20	047	95.46	0.00	95.46
20	049	1.43	0.00	1.43
20	051	4.85	0.00	4.85
20	053	2.78	0.00	2.78
20	055	295.28	0.00	295.28
20	057	103.73	0.00	103.73
20	059	3.16	0.00	3.16
20	061	8.53	0.00	8.53
20	063	20.07	0.00	20.07
20	065	10.80	0.00	10.80
20	067	173.03	0.00	173.03
20	069	225.61	0.00	225.61
20	071	26.42	0.00	26.42
20	073	2.03	0.00	2.03
20	075	47.39	0.00	47.39
20	077	3.07	0.00	3.07
20	079	41.89	0.00	41.89
20	081	291.13	0.00	291.13
20	083	32.78	0.00	32.78
20	085	2.02	0.00	2.02
20	087	3.09	0.00	3.09
20	089	78.07	0.00	78.07
20	091	12.28	0.00	12.28
20	093	192.34	0.00	192.34
20	095	16.36	0.00	16.36
20	097	51.15	0.00	51.15
20	099	4.60	0.00	4.60
20	101	20.45	0.00	20.45
20	103	9.69	0.00	9.69
20	105	1.25	0.00	1.25
20	107	727.23	0.00	727.23
20	109	8.00	0.00	8.00
20	111	8.87	0.00	8.87
20	113	29.90	0.00	29.90
20	115	3.34	0.00	3.34
20	117	3.13	0.00	3.13
20	119	157.48	0.00	157.48
20	121	4.03	0.00	4.03
20	123	12.16	0.00	12.16
20	125	8.72	0.00	8.72
20	127	1.75	0.00	1.75
20	129	55.63	0.03	55.66
20	131	3.04	0.00	3.04
20	133	3.15	0.00	3.15
20	135	5.56	0.00	5.56
20	137	12.24	0.00	12.24
20	139	2.11	0.00	2.11
20	141	4.56	0.00	4.56
20	143	2.80	0.00	2.80
20	145	68.10	0.00	68.10
20	147	32.15	0.00	32.15
20	149	39.72	0.00	39.72
20	151	76.98	0.00	76.98
20	153	16.28	0.00	16.28
20	155	58.22	0.00	58.22
20	157	28.75	0.00	28.75
20	159	20.38	0.00	20.38
20	161	6.05	0.00	6.05
20	163	16.96	0.00	16.96
20	165	10.10	0.00	10.10
20	167	1.21	0.00	1.21
20	169	10.10	0.00	10.10
20	171	63.59	0.00	63.59
20	173	89.30	0.00	89.30
20	175	159.59	0.00	159.59
20	177	42.92	0.00	42.92
20	179	78.09	0.00	78.09
20	181	89.75	0.00	89.75
20	183	4.76	0.00	4.76
20	185	75.55	0.00	75.55
20	187	163.55	0.00	163.55
20	189	189.06	0.00	189.06
20	191	6.89	0.00	6.89
20	193	91.00	0.00	91.00
20	195	4.64	0.00	4.64
20	197	3.55	0.00	3.55
20	199	62.22	0.00	62.22
20	201	5.59	0.00	5.59
20	203	75.50	0.00	75.50
20	205	2.75	0.00	2.75
20	207	0.96	0.00	0.96
20	209	479.18	0.00	479.18
21	001	2.36	0.00	2.36
21	003	2.09	0.00	2.09
21	005	3.32	0.00	3.32
21	007	23.48	0.00	23.48
21	009	7.68	0.00	7.68
21	011	4.51	0.00	4.51
21	013	7.58	0.00	7.58
21	015	8.30	0.00	8.30
21	017	2.96	0.00	2.96
21	019	79.99	0.00	79.99
21	021	4.80	0.00	4.80
21	023	1.59	0.00	1.59
21	025	1.05	0.00	1.05
21	027	1.83	0.00	1.83
21	029	3.87	0.00	3.87
21	031	1.51	0.00	1.51
21	033	1.29	0.00	1.29
21	035	5.05	0.00	5.05
21	037	31.80	0.00	31.80
21	039	2.56	0.00	2.56
21	041	43.48	0.00	43.48
21	043	3.08	0.00	3.08
21	045	1.88	0.00	1.88
21	047	10.39	0.00	10.39
21	049	108.52	0.00	108.52
21	051	2.84	0.00	2.84
21	053	1.33	0.00	1.33
21	055	1.03	0.00	1.03
21	057	0.81	0.00	0.81
21	059	220.16	0.00	220.16
21	061	1.20	0.00	1.20
21	063	0.44	0.00	0.44
21	065	2.02	0.00	2.02
21	067	43.11	0.00	43.11
21	069	1.64	0.00	1.64
21	071	3.78	0.00	3.78
21	073	8.53	0.00	8.53
21	075	1.67	0.00	1.67
21	077	0.81	0.00	0.81
21	079	1.65	0.00	1.65
21	081	2.06	0.00	2.06
21	083	14.67	0.00	14.67
21	085	3.35	0.00	3.35
21	087	1.64	0.00	1.64
21	089	16.42	0.00	16.42
21	091	250.88	0.00	250.88
21	093	13.37	0.00	13.37
21	095	4.80	0.00	4.80
21	097	3.36	0.00	3.36
21	099	3.61	0.00	3.61
21	101	117.66	0.00	117.66
21	103	2.96	0.00	2.96
21	105	0.76	0.00	0.76
21	107	18.07	0.00	18.07
21	109	1.20	0.00	1.20
21	111	927.75	0.00	927.75
21	113	3.91	0.00	3.91
21	115	2.03	0.00	2.03
21	117	8.45	0.00	8.45
21	119	0.94	0.00	0.94
21	121	0.97	0.00	0.97
21	123	1.25	0.00	1.25
21	125	9.67	0.00	9.67
21	127	15.89	0.00	15.89
21	129	0.70	0.00	0.70
21	131	2.92	0.00	2.92
21	133	2.38	0.00	2.38
21	135	1.38	0.00	1.38
21	137	2.25	0.00	2.25
21	139	23.81	0.00	23.81
21	141	5.01	0.00	5.01
21	143	2.08	0.00	2.08
21	145	1005.51	0.00	1005.51
21	147	1.14	0.00	1.14
21	149	0.83	0.00	0.83
21	151	11.84	0.00	11.84
21	153	0.94	0.00	0.94
21	155	2.86	0.00	2.86
21	157	22.21	0.00	22.21
21	159	5.82	0.00	5.82
21	161	44.84	0.00	44.84
21	163	25.40	0.00	25.40
21	165	0.21	0.00	0.21
21	167	20.01	0.00	20.01
21	169	1.06	0.00	1.06
21	171	1.94	0.00	1.94
21	173	2.46	0.00	2.46
21	175	1.41	0.00	1.41
21	177	487.69	0.00	487.69
21	179	8.12	0.00	8.12
21	181	2.45	0.00	2.45
21	183	7.56	0.00	7.56
21	185	5.08	0.00	5.08
21	187	2.33	0.00	2.33
21	189	0.42	0.00	0.42
21	191	1.53	0.00	1.53
21	193	6.07	0.00	6.07
21	195	8.16	0.00	8.16
21	197	0.39	0.00	0.39
21	199	390.26	0.00	390.26
21	201	0.22	0.00	0.22
21	203	1.48	0.00	1.48
21	205	3.48	0.00	3.48
21	207	3.04	0.00	3.04
21	209	3.38	0.00	3.38
21	211	4.66	0.00	4.66
21	213	2.04	0.00	2.04
21	215	1.16	0.00	1.16
21	217	6.13	0.00	6.13
21	219	1.87	0.00	1.87
21	221	2.24	0.00	2.24
21	223	0.68	0.00	0.68
21	225	7.34	0.00	7.34
21	227	16.53	0.00	16.53
21	229	1.97	0.00	1.97
21	231	2.41	0.00	2.41
21	233	151.58	0.00	151.58
21	235	2.01	0.00	2.01
21	237	0.57	0.00	0.57
21	239	16.64	0.00	16.64
22	001	110.02	0.00	110.02
22	003	24.13	0.00	24.13
22	005	226.75	0.00	226.75
22	007	28.95	0.00	28.95
22	009	17.48	0.00	17.48
22	011	29.54	0.00	29.54
22	013	1.78	0.00	1.78
22	015	12.23	0.00	12.23
22	017	86.50	0.00	86.50
22	019	312.00	0.00	312.00
22	021	3.10	0.00	3.10
22	023	27.50	0.00	27.50
22	025	17.33	0.00	17.33
22	027	2.81	0.00	2.81
22	029	31.54	0.00	31.54
22	031	14.14	0.00	14.14
22	033	151.66	0.00	151.66
22	035	38.00	0.00	38.00
22	037	3.33	0.00	3.33
22	039	188.05	0.00	188.05
22	041	27.42	0.00	27.42
22	043	4.36	0.00	4.36
22	045	30.67	0.00	30.67
22	047	1217.68	0.00	1217.68
22	049	21.18	0.00	21.18
22	051	1139.87	0.00	1139.87
22	053	151.53	0.00	151.53
22	055	33.13	0.00	33.13
22	057	29.55	0.00	29.55
22	059	2.09	0.00	2.09
22	061	8.24	0.00	8.24
22	063	15.97	0.00	15.97
22	065	18.60	0.00	18.60
22	067	72.81	0.00	72.81
22	069	24.21	0.00	24.21
22	071	635.54	0.00	635.54
22	073	111.89	0.00	111.89
22	075	115.70	0.00	115.70
22	077	290.10	0.00	290.10
22	079	497.74	0.00	497.74
22	081	1.62	0.00	1.62
22	083	24.52	0.00	24.52
22	085	3.63	0.00	3.63
22	087	305.65	0.00	305.65
22	089	1953.47	0.00	1953.47
22	091	6.29	0.00	6.29
22	093	246.68	0.00	246.68
22	095	731.45	0.00	731.45
22	097	47.81	0.00	47.81
22	099	44.69	0.00	44.69
22	101	219.35	0.00	219.35
22	103	23.93	0.00	23.93
22	105	17.78	0.00	17.78
22	107	11.72	0.00	11.72
22	109	33.11	0.00	33.11
22	111	4.96	0.00	4.96
22	113	262.25	0.00	262.25
22	115	9.21	0.00	9.21
22	117	31.60	0.00	31.60
22	119	7.52	0.00	7.52
22	121	9.77	0.00	9.77
22	123	25.15	0.00	25.15
22	125	47.49	0.00	47.49
22	127	2.98	0.00	2.98
23	001	14.00	0.00	14.00
23	003	25.01	0.00	25.01
23	005	36.92	50.29	87.21
23	007	5.36	0.00	5.36
23	009	6.76	54.72	61.48
23	011	29.75	0.00	29.75
23	013	5.30	0.00	5.30
23	015	3.44	0.00	3.44
23	017	10.49	0.00	10.49
23	019	21.47	0.00	21.47
23	021	3.06	0.00	3.06
23	023	4.59	0.00	4.59
23	025	8.30	0.00	8.30
23	027	3.83	0.00	3.83
23	029	4.98	0.00	4.98
23	031	37.73	0.00	37.73
24	001	45.12	0.00	45.12
24	003	50.87	684.42	735.29
24	005	282.90	623.45	906.35
24	009	7.38	3220.73	3228.11
24	011	16.99	2.84	19.83
24	013	15.35	0.00	15.35
24	015	9.02	0.00	9.02
24	017	13.16	1089.43	1102.59
24	019	18.56	6.36	24.92
24	021	38.99	0.00	38.99
24	023	9.05	0.00	9.05
24	025	17.98	0.00	17.98
24	027	3.56	0.00	3.56
24	029	6.18	0.22	6.40
24	031	728.52	0.00	728.52
24	033	53.23	566.30	619.53
24	035	13.30	0.61	13.91
24	037	9.77	0.88	10.65
24	039	6.14	0.62	6.76
24	041	6.97	0.01	6.98
24	043	60.01	0.00	60.01
24	045	19.79	0.36	20.15
24	047	14.49	0.07	14.56
24	510	4.83	80.78	85.61
25	001	39.53	382.50	422.03
25	003	24.01	0.00	24.01
25	005	114.57	1367.00	1481.57
25	007	2.80	0.00	2.80
25	009	115.01	485.16	600.17
25	011	9.08	0.00	9.08
25	013	232.03	0.00	232.03
25	015	26.02	0.00	26.02
25	017	108.26	732.00	840.26
25	019	1.58	0.00	1.58
25	021	56.69	0.00	56.69
25	023	105.41	908.40	1013.81
25	025	4.36	490.29	494.65
25	027	306.32	0.00	306.32
26	001	2.29	0.00	2.29
26	003	3.94	0.00	3.94
26	005	50.55	0.00	50.55
26	007	409.27	0.00	409.27
26	009	8.36	0.12	8.48
26	011	52.87	0.01	52.88
26	013	2.12	0.00	2.12
26	015	8.61	0.00	8.61
26	017	627.31	0.55	627.86
26	019	3.53	0.00	3.53
26	021	2195.78	0.00	2195.78
26	023	21.00	0.00	21.00
26	025	60.68	0.00	60.68
26	027	17.50	0.00	17.50
26	029	117.36	0.00	117.36
26	031	4.12	0.00	4.12
26	033	10.40	0.00	10.40
26	035	4.20	0.03	4.23
26	037	11.81	0.00	11.81
26	039	2.71	0.00	2.71
26	041	75.91	0.00	75.91
26	043	11.23	0.00	11.23
26	045	17.71	0.00	17.71
26	047	6.10	0.00	6.10
26	049	54.46	0.43	54.89
26	051	3.26	0.03	3.29
26	053	4.27	0.00	4.27
26	055	17.56	0.06	17.62
26	057	9.15	0.07	9.22
26	059	62.04	0.00	62.04
26	061	6.35	0.00	6.35
26	063	53.25	0.06	53.31
26	065	163.26	0.00	163.26
26	067	12.80	0.00	12.80
26	069	5.54	0.48	6.02
26	071	4.82	0.00	4.82
26	073	10.37	0.07	10.44
26	075	37.28	0.00	37.28
26	077	111.67	0.00	111.67
26	079	4.46	0.00	4.46
26	081	184.32	0.00	184.32
26	083	0.27	0.00	0.27
26	085	1.24	0.00	1.24
26	087	13.52	0.13	13.65
26	089	7.24	0.00	7.24
26	091	24.42	0.00	24.42
26	093	24.81	0.08	24.89
26	095	1.16	0.00	1.16
26	097	14.71	0.00	14.71
26	099	80.01	0.00	80.01
26	101	37.23	0.00	37.23
26	103	257.03	0.00	257.03
26	105	27.54	0.00	27.54
26	107	15.94	0.04	15.98
26	109	7.56	0.00	7.56
26	111	88.51	0.40	88.91
26	113	4.58	0.00	4.58
26	115	1763.52	0.00	1763.52
26	117	26.81	0.00	26.81
26	119	2.81	0.00	2.81
26	121	321.70	0.19	321.89
26	123	17.16	0.00	17.16
26	125	110.84	0.07	110.91
26	127	8.16	0.00	8.16
26	129	3.61	0.03	3.64
26	131	30.61	0.00	30.61
26	133	6.90	0.12	7.02
26	135	1.46	0.00	1.46
26	137	4.23	0.00	4.23
26	139	639.68	0.00	639.68
26	141	6.27	0.00	6.27
26	143	3.61	0.00	3.61
26	145	30.91	1.11	32.02
26	147	1562.45	0.06	1562.51
26	149	58.06	0.00	58.06
26	151	16.76	0.03	16.79
26	153	11.99	0.00	11.99
26	155	12.10	0.10	12.20
26	157	12.74	0.03	12.77
26	159	102.14	0.00	102.14
26	161	54.57	0.00	54.57
26	163	2165.43	0.06	2165.49
26	165	8.74	0.00	8.74
27	001	4.97	0.00	4.97
27	003	142.22	0.00	142.22
27	005	5.10	0.00	5.10
27	007	7.75	0.00	7.75
27	009	18.29	0.00	18.29
27	011	1.36	0.00	1.36
27	013	32.13	0.00	32.13
27	015	3.74	0.00	3.74
27	017	22.36	0.00	22.36
27	019	7.82	0.00	7.82
27	021	3.98	0.00	3.98
27	023	9.48	0.00	9.48
27	025	3.84	0.00	3.84
27	027	7.87	0.00	7.87
27	029	13.40	0.00	13.40
27	031	126.11	0.00	126.11
27	033	3.18	0.00	3.18
27	035	8.96	0.00	8.96
27	037	224.18	0.00	224.18
27	039	1.97	0.00	1.97
27	041	5.50	0.00	5.50
27	043	2.84	0.00	2.84
27	045	14.67	0.00	14.67
27	047	6.55	0.00	6.55
27	049	599.77	0.00	599.77
27	051	1.68	0.00	1.68
27	053	253.16	0.00	253.16
27	055	2.93	0.00	2.93
27	057	6.76	0.00	6.76
27	059	3.01	0.00	3.01
27	061	174.61	0.00	174.61
27	063	1.74	0.00	1.74
27	065	1.63	0.00	1.63
27	067	9.44	0.00	9.44
27	069	0.68	0.00	0.68
27	071	42.85	0.00	42.85
27	073	3.51	0.00	3.51
27	075	132.97	0.00	132.97
27	077	1.24	0.00	1.24
27	079	3.72	0.00	3.72
27	081	1.30	0.00	1.30
27	083	5.75	0.00	5.75
27	085	7.38	0.00	7.38
27	087	0.66	0.00	0.66
27	089	0.99	0.00	0.99
27	091	45.14	0.00	45.14
27	093	4.31	0.00	4.31
27	095	2.68	0.00	2.68
27	097	9.62	0.00	9.62
27	099	7.30	0.00	7.30
27	101	2.06	0.00	2.06
27	103	6.34	0.00	6.34
27	105	5.04	0.00	5.04
27	107	0.83	0.00	0.83
27	109	41.26	0.00	41.26
27	111	77.46	0.00	77.46
27	113	2.84	0.00	2.84
27	115	2.68	0.00	2.68
27	117	2.71	0.00	2.71
27	119	18.37	0.00	18.37
27	121	11.93	0.00	11.93
27	123	142.93	0.00	142.93
27	125	0.60	0.00	0.60
27	127	2.80	0.00	2.80
27	129	2.96	0.00	2.96
27	131	6.88	0.00	6.88
27	133	3.27	0.00	3.27
27	135	2.10	0.00	2.10
27	137	203.62	0.00	203.62
27	139	9.69	0.00	9.69
27	141	86.59	0.00	86.59
27	143	2.98	0.00	2.98
27	145	27.66	0.00	27.66
27	147	3.52	0.00	3.52
27	149	3.84	0.00	3.84
27	151	8.35	0.00	8.35
27	153	7.32	0.00	7.32
27	155	0.63	0.00	0.63
27	157	3.81	0.00	3.81
27	159	7.60	0.00	7.60
27	161	2.92	0.00	2.92
27	163	320.91	0.00	320.91
27	165	3.05	0.00	3.05
27	167	1.24	0.00	1.24
27	169	11.96	0.00	11.96
27	171	348.16	0.00	348.16
27	173	1.52	0.00	1.52
28	001	51.24	0.00	51.24
28	003	3.17	0.00	3.17
28	005	2.27	0.00	2.27
28	007	3.93	0.00	3.93
28	009	0.73	0.00	0.73
28	011	472.44	0.00	472.44
28	013	45.92	0.00	45.92
28	015	6.38	0.00	6.38
28	017	2.35	0.00	2.35
28	019	2.37	0.00	2.37
28	021	34.37	0.00	34.37
28	023	2.94	0.00	2.94
28	025	6.59	0.00	6.59
28	027	146.37	0.00	146.37
28	029	4.78	0.00	4.78
28	031	6.89	0.00	6.89
28	033	16.69	0.00	16.69
28	035	41.78	0.00	41.78
28	037	1.05	0.00	1.05
28	039	1.86	0.00	1.86
28	041	1.43	0.00	1.43
28	043	20.78	0.00	20.78
28	045	6.33	0.00	6.33
28	047	153.44	112.08	265.52
28	049	48.34	0.00	48.34
28	051	47.59	0.00	47.59
28	053	157.96	0.00	157.96
28	055	34.37	0.00	34.37
28	057	2.13	0.00	2.13
28	059	68.23	0.00	68.23
28	061	3.14	0.00	3.14
28	063	1.50	0.00	1.50
28	065	2.03	0.00	2.03
28	067	16.57	0.00	16.57
28	069	1.58	0.00	1.58
28	071	5.21	0.00	5.21
28	073	8.65	0.00	8.65
28	075	14.71	0.00	14.71
28	077	33.69	0.00	33.69
28	079	3.82	0.00	3.82
28	081	12.54	0.00	12.54
28	083	192.86	0.00	192.86
28	085	13.29	0.00	13.29
28	087	14.86	0.00	14.86
28	089	12.13	0.00	12.13
28	091	4.21	0.00	4.21
28	093	3.23	0.00	3.23
28	095	18.54	0.00	18.54
28	097	1.92	0.00	1.92
28	099	3.83	0.00	3.83
28	101	3.70	0.00	3.70
28	103	4.08	0.00	4.08
28	105	8.34	0.00	8.34
28	107	14.79	0.00	14.79
28	109	5.75	0.00	5.75
28	111	20.14	0.00	20.14
28	113	7.21	0.00	7.21
28	115	2.78	0.00	2.78
28	117	2.06	0.00	2.06
28	119	111.82	0.00	111.82
28	121	12.72	0.00	12.72
28	123	10.13	0.00	10.13
28	125	64.14	0.00	64.14
28	127	4.00	0.00	4.00
28	129	5.97	0.00	5.97
28	131	2.34	0.00	2.34
28	133	352.82	0.00	352.82
28	135	107.40	0.00	107.40
28	137	5.68	0.00	5.68
28	139	2.48	0.00	2.48
28	141	4.39	0.00	4.39
28	143	140.39	0.00	140.39
28	145	2.95	0.00	2.95
28	147	2.21	0.00	2.21
28	149	81.82	0.00	81.82
28	151	302.87	0.00	302.87
28	153	2.23	0.00	2.23
28	155	1.38	0.00	1.38
28	157	2.48	0.00	2.48
28	159	3.27	0.00	3.27
28	161	2.73	0.00	2.73
28	163	29.89	0.00	29.89
29	001	3.95	0.00	3.95
29	003	3.04	0.00	3.04
29	005	19.03	0.00	19.03
29	007	9.98	0.00	9.98
29	009	7.31	0.00	7.31
29	011	4.74	0.00	4.74
29	013	2.81	0.00	2.81
29	015	1.89	0.00	1.89
29	017	9.72	0.00	9.72
29	019	18.21	0.00	18.21
29	021	57.63	0.00	57.63
29	023	155.75	0.00	155.75
29	025	1.16	0.00	1.16
29	027	26.59	0.00	26.59
29	029	3.71	0.00	3.71
29	031	12.16	0.00	12.16
29	033	2.70	0.00	2.70
29	035	0.65	0.00	0.65
29	037	6.37	0.00	6.37
29	039	2.09	0.00	2.09
29	041	1.69	0.00	1.69
29	043	4.71	0.00	4.71
29	045	1.69	0.00	1.69
29	047	25.65	0.00	25.65
29	049	2.13	0.00	2.13
29	051	9.28	0.00	9.28
29	053	2.87	0.00	2.87
29	055	2.46	0.00	2.46
29	057	3.81	0.00	3.81
29	059	2.08	0.00	2.08
29	061	1.80	0.00	1.80
29	063	1.24	0.00	1.24
29	065	1.72	0.00	1.72
29	067	2.65	0.00	2.65
29	069	45.36	0.00	45.36
29	071	966.56	0.00	966.56
29	073	2.55	0.00	2.55
29	075	1.26	0.00	1.26
29	077	175.90	0.00	175.90
29	079	3.21	0.00	3.21
29	081	2.18	0.00	2.18
29	083	358.00	0.00	358.00
29	085	1.07	0.00	1.07
29	087	2.45	0.00	2.45
29	089	1.56	0.00	1.56
29	091	5.41	0.00	5.41
29	093	5.13	0.00	5.13
29	095	546.72	0.00	546.72
29	097	25.91	0.00	25.91
29	099	835.21	0.00	835.21
29	101	5.47	0.00	5.47
29	103	0.75	0.00	0.75
29	105	5.04	0.00	5.04
29	107	4.37	0.00	4.37
29	109	5.32	0.00	5.32
29	111	1.67	0.00	1.67
29	113	3.14	0.00	3.14
29	115	2.32	0.00	2.32
29	117	2.53	0.00	2.53
29	119	5.29	0.00	5.29
29	121	2.82	0.00	2.82
29	123	1.35	0.00	1.35
29	125	3.29	0.00	3.29
29	127	7.63	0.00	7.63
29	129	1.77	0.00	1.77
29	131	3.16	0.00	3.16
29	133	19.18	0.00	19.18
29	135	2.82	0.00	2.82
29	137	3.18	0.00	3.18
29	139	2.18	0.00	2.18
29	141	2.40	0.00	2.40
29	143	848.65	0.00	848.65
29	145	7.24	0.00	7.24
29	147	3.88	0.00	3.88
29	149	4.01	0.00	4.01
29	151	34.78	0.00	34.78
29	153	5.23	0.00	5.23
29	155	28.24	0.00	28.24
29	157	2.65	0.00	2.65
29	159	5.61	0.00	5.61
29	161	3.90	0.00	3.90
29	163	9.77	0.00	9.77
29	165	364.85	0.00	364.85
29	167	4.34	0.00	4.34
29	169	7.48	0.00	7.48
29	171	2.20	0.00	2.20
29	173	1.76	0.00	1.76
29	175	877.28	0.00	877.28
29	177	3.85	0.00	3.85
29	179	3.71	0.00	3.71
29	181	19.18	0.00	19.18
29	183	446.41	0.00	446.41
29	185	1.51	0.00	1.51
29	186	1.79	0.00	1.79
29	187	306.54	0.00	306.54
29	189	176.40	0.00	176.40
29	195	5.06	0.00	5.06
29	197	0.73	0.00	0.73
29	199	0.92	0.00	0.92
29	201	19.54	0.00	19.54
29	203	0.97	0.00	0.97
29	205	2.53	0.00	2.53
29	207	153.28	0.00	153.28
29	209	3.83	0.00	3.83
29	211	3.10	0.00	3.10
29	213	9.51	0.00	9.51
29	215	5.37	0.00	5.37
29	217	4.91	0.00	4.91
29	219	3.60	0.00	3.60
29	221	8.88	0.00	8.88
29	223	1.80	0.00	1.80
29	225	4.21	0.00	4.21
29	227	0.48	0.00	0.48
29	229	3.79	0.00	3.79
29	510	147.80	0.00	147.80
30	001	570.72	0.00	570.72
30	003	315.40	0.44	315.84
30	005	274.18	0.00	274.18
30	007	240.96	0.00	240.96
30	009	448.78	5.32	454.10
30	011	4.09	0.00	4.09
30	013	153.21	0.00	153.21
30	015	36.47	0.00	36.47
30	017	74.85	0.00	74.85
30	019	5.00	0.00	5.00
30	021	72.44	0.00	72.44
30	023	47.98	0.00	47.98
30	025	6.61	4.15	10.76
30	027	74.66	0.00	74.66
30	029	64.91	0.00	64.91
30	031	489.16	0.00	489.16
30	033	12.41	0.00	12.41
30	035	86.92	0.45	87.37
30	037	85.44	0.00	85.44
30	039	103.54	0.00	103.54
30	041	18.37	0.00	18.37
30	043	148.05	0.00	148.05
30	045	64.95	0.00	64.95
30	047	308.50	0.00	308.50
30	049	183.44	0.00	183.44
30	051	22.40	0.00	22.40
30	053	36.57	0.00	36.57
30	055	14.75	0.00	14.75
30	057	540.37	0.00	540.37
30	059	349.62	0.00	349.62
30	061	8.06	0.00	8.06
30	063	113.61	0.00	113.61
30	065	81.74	1.12	82.86
30	067	332.95	0.00	332.95
30	069	56.70	0.00	56.70
30	071	209.98	0.00	209.98
30	073	212.06	0.00	212.06
30	075	15.10	1.18	16.28
30	077	211.23	0.00	211.23
30	079	74.44	0.00	74.44
30	081	167.00	0.00	167.00
30	083	316.70	0.00	316.70
30	085	44.53	0.43	44.96
30	087	165.29	0.00	165.29
30	089	76.07	0.00	76.07
30	091	5.22	0.16	5.38
30	093	39.28	0.00	39.28
30	095	113.62	0.00	113.62
30	097	323.60	0.00	323.60
30	099	518.78	0.00	518.78
30	101	8.51	0.01	8.52
30	103	117.16	0.00	117.16
30	105	153.37	0.00	153.37
30	107	184.55	0.00	184.55
30	109	2.50	0.00	2.50
30	111	440.38	0.00	440.38
30	113	0.02	0.00	0.02
31	001	188.70	0.00	188.70
31	003	130.02	0.00	130.02
31	005	18.04	0.00	18.04
31	007	26.38	0.27	26.65
31	009	29.54	0.00	29.54
31	011	87.63	0.00	87.63
31	013	171.08	0.00	171.08
31	015	4.42	0.00	4.42
31	017	19.37	0.00	19.37
31	019	207.48	0.00	207.48
31	021	46.30	0.00	46.30
31	023	100.56	0.00	100.56
31	025	16.15	0.00	16.15
31	027	52.87	0.00	52.87
31	029	180.10	0.00	180.10
31	031	98.87	0.00	98.87
31	033	66.15	0.28	66.43
31	035	198.28	0.00	198.28
31	037	60.24	0.00	60.24
31	039	43.76	0.00	43.76
31	041	241.18	0.00	241.18
31	043	20.69	0.00	20.69
31	045	43.17	0.00	43.17
31	047	332.57	0.00	332.57
31	049	43.06	0.00	43.06
31	051	42.58	0.00	42.58
31	053	100.74	0.00	100.74
31	055	363.88	0.00	363.88
31	057	102.68	0.07	102.75
31	059	163.16	0.00	163.16
31	061	99.62	0.00	99.62
31	063	76.20	0.00	76.20
31	065	73.59	0.00	73.59
31	067	42.23	0.00	42.23
31	069	57.97	0.00	57.97
31	071	103.29	0.00	103.29
31	073	164.94	0.00	164.94
31	075	3.74	0.00	3.74
31	077	44.53	0.00	44.53
31	079	169.63	0.00	169.63
31	081	224.94	0.00	224.94
31	083	122.00	0.04	122.04
31	085	61.45	0.00	61.45
31	087	49.47	1.60	51.07
31	089	167.98	0.00	167.98
31	091	6.07	0.00	6.07
31	093	42.27	0.00	42.27
31	095	41.22	0.00	41.22
31	097	8.36	0.00	8.36
31	099	167.73	0.00	167.73
31	101	122.74	0.00	122.74
31	103	9.11	0.00	9.11
31	105	38.56	0.17	38.73
31	107	51.30	0.00	51.30
31	109	20.95	0.00	20.95
31	111	1086.26	0.00	1086.26
31	113	19.89	0.00	19.89
31	115	35.91	0.00	35.91
31	117	8.88	0.00	8.88
31	119	68.69	0.00	68.69
31	121	125.24	0.00	125.24
31	123	115.95	0.03	115.98
31	125	39.31	0.00	39.31
31	127	636.86	0.00	636.86
31	129	53.96	0.00	53.96
31	131	308.27	0.00	308.27
31	133	2.43	0.00	2.43
31	135	141.13	0.00	141.13
31	137	337.61	0.00	337.61
31	139	78.43	0.00	78.43
31	141	116.97	0.00	116.97
31	143	116.16	0.00	116.16
31	145	62.16	2.22	64.38
31	147	2.55	0.00	2.55
31	149	25.71	0.00	25.71
31	151	66.33	0.00	66.33
31	153	64.84	0.00	64.84
31	155	123.12	0.00	123.12
31	157	371.29	0.02	371.31
31	159	99.37	0.00	99.37
31	161	81.47	0.00	81.47
31	163	115.08	0.00	115.08
31	165	29.98	0.00	29.98
31	167	22.32	0.00	22.32
31	169	111.47	0.00	111.47
31	171	7.61	0.00	7.61
31	173	7.62	0.00	7.62
31	175	45.73	0.00	45.73
31	177	445.02	0.00	445.02
31	179	20.97	0.00	20.97
31	181	116.56	0.00	116.56
31	183	30.35	0.00	30.35
31	185	232.12	0.00	232.12
32	001	140.04	20.49	160.53
32	003	412.69	0.01	412.70
32	005	130.83	0.00	130.83
32	007	358.58	0.00	358.58
32	009	35.88	10.50	46.38
32	011	99.03	4.14	103.17
32	013	279.90	0.68	280.58
32	015	95.29	0.00	95.29
32	017	54.40	0.00	54.40
32	019	194.24	0.00	194.24
32	021	23.00	0.00	23.00
32	023	72.62	0.00	72.62
32	027	86.01	0.25	86.26
32	029	3.17	0.00	3.17
32	031	153.24	5.43	158.67
32	033	105.13	0.00	105.13
32	510	15.20	0.00	15.20
33	001	6.72	0.00	6.72
33	003	8.09	0.00	8.09
33	005	9.17	0.00	9.17
33	007	46.28	0.00	46.28
33	009	19.39	0.00	19.39
33	011	59.14	0.00	59.14
33	013	244.90	0.00	244.90
33	015	24.49	877.13	901.62
33	017	21.74	0.00	21.74
33	019	5.59	0.00	5.59
34	001	46.16	0.00	46.16
34	003	121.88	0.00	121.88
34	005	233.76	0.00	233.76
34	007	72.57	0.00	72.57
34	009	25.60	274.10	299.70
34	011	87.36	0.00	87.36
34	013	31.76	14.68	46.44
34	015	73.15	0.00	73.15
34	017	0.18	443.39	443.57
34	019	73.20	0.00	73.20
34	021	506.08	0.00	506.08
34	023	49.23	44.47	93.70
34	025	79.40	0.00	79.40
34	027	101.57	0.00	101.57
34	029	59.70	1381.53	1441.23
34	031	300.23	0.00	300.23
34	033	33.06	1517.87	1550.93
34	035	126.99	0.00	126.99
34	037	20.10	0.00	20.10
34	039	26.69	299.45	326.14
34	041	68.83	0.00	68.83
35	001	189.92	0.00	189.92
35	003	17.33	0.00	17.33
35	005	289.55	0.00	289.55
35	006	8.81	0.00	8.81
35	007	47.51	0.00	47.51
35	009	229.89	0.00	229.89
35	011	52.60	0.00	52.60
35	013	441.44	0.00	441.44
35	015	237.75	0.00	237.75
35	017	60.80	0.00	60.80
35	019	19.32	0.00	19.32
35	021	4.11	0.00	4.11
35	023	40.61	0.00	40.61
35	025	157.54	0.00	157.54
35	027	34.73	0.00	34.73
35	028	5.32	0.00	5.32
35	029	131.54	0.00	131.54
35	031	18.17	0.00	18.17
35	033	33.33	0.00	33.33
35	035	46.55	0.00	46.55
35	037	134.29	0.00	134.29
35	039	85.12	0.00	85.12
35	041	143.66	0.00	143.66
35	043	67.51	0.00	67.51
35	045	344.95	0.00	344.95
35	047	30.91	0.00	30.91
35	049	45.70	0.00	45.70
35	051	42.32	0.00	42.32
35	053	147.13	0.00	147.13
35	055	98.30	0.00	98.30
35	057	42.26	0.00	42.26
35	059	76.48	0.00	76.48
35	061	179.86	0.00	179.86
36	001	566.08	0.52	566.60
36	003	9.50	0.13	9.63
36	005	7.47	189.72	197.19
36	007	132.56	0.18	132.74
36	009	15.82	0.56	16.38
36	011	17.17	0.06	17.23
36	013	1204.11	0.17	1204.28
36	015	18.19	0.16	18.35
36	017	9.21	0.21	9.42
36	019	15.56	0.08	15.64
36	021	8.67	0.08	8.75
36	023	11.32	0.07	11.39
36	025	490.23	0.22	490.45
36	027	39.20	0.33	39.53
36	029	1094.93	0.17	1095.10
36	031	10.87	0.74	11.61
36	033	10.34	0.16	10.50
36	035	7.55	0.07	7.62
36	037	11.15	0.14	11.29
36	039	9.46	1.28	10.74
36	041	0.96	0.04	1.00
36	043	16.28	0.10	16.38
36	045	30.09	0.71	30.80
36	047	25.02	26.21	51.23
36	049	7.42	0.21	7.63
36	051	12.71	0.60	13.31
36	053	11.44	0.17	11.61
36	055	344.15	0.12	344.27
36	057	15.34	0.13	15.47
36	059	216.04	329.81	545.85
36	061	81.84	258.64	340.48
36	063	434.17	0.08	434.25
36	065	39.04	0.18	39.22
36	067	169.49	0.18	169.67
36	069	17.89	0.29	18.18
36	071	1368.77	0.22	1368.99
36	073	4.43	0.08	4.51
36	075	1171.40	0.22	1171.62
36	077	9.66	0.16	9.82
36	079	131.24	0.03	131.27
36	081	44.54	2171.22	2215.76
36	083	37.74	0.17	37.91
36	085	2.76	490.51	493.27
36	087	46.66	1171.09	1217.75
36	089	20.99	1.24	22.23
36	091	20.42	0.30	20.72
36	093	31.07	0.07	31.14
36	095	130.57	1.83	132.40
36	097	4.14	0.47	4.61
36	099	4.79	0.02	4.81
36	101	65.10	0.30	65.40
36	103	174.05	836.73	1010.78
36	105	150.75	0.11	150.86
36	107	8.92	0.18	9.10
36	109	260.24	0.60	260.84
36	111	481.93	0.22	482.15
36	113	13.83	0.21	14.04
36	115	10.46	0.27	10.73
36	117	483.29	0.21	483.50
36	119	365.60	1014.78	1380.38
36	121	10.61	0.71	11.32
36	123	112.39	0.11	112.50
37	001	27.55	0.00	27.55
37	003	5.02	0.00	5.02
37	005	2.89	0.00	2.89
37	007	13.36	0.00	13.36
37	009	3.57	0.00	3.57
37	011	8.69	0.00	8.69
37	013	16.55	0.00	16.55
37	015	8.06	0.00	8.06
37	017	8.67	0.00	8.67
37	019	11.93	1553.33	1565.26
37	021	37.79	0.00	37.79
37	023	29.00	0.00	29.00
37	025	30.79	0.00	30.79
37	027	13.41	0.00	13.41
37	029	0.87	0.00	0.87
37	031	8.44	0.00	8.44
37	033	3.63	0.00	3.63
37	035	806.01	0.00	806.01
37	037	396.49	0.00	396.49
37	039	7.64	0.00	7.64
37	041	3.33	0.00	3.33
37	043	4.74	0.00	4.74
37	045	39.33	0.00	39.33
37	047	7.40	0.00	7.40
37	049	14.21	0.00	14.21
37	051	35.71	0.00	35.71
37	053	2.24	0.00	2.24
37	055	4.59	1.78	6.37
37	057	21.96	0.00	21.96
37	059	5.64	0.00	5.64
37	061	29.09	0.00	29.09
37	063	31.37	0.00	31.37
37	065	12.34	0.00	12.34
37	067	61.53	0.00	61.53
37	069	9.07	0.00	9.07
37	071	399.12	0.00	399.12
37	073	2.36	0.00	2.36
37	075	42.28	0.00	42.28
37	077	7.43	0.00	7.43
37	079	4.95	0.00	4.95
37	081	95.27	0.00	95.27
37	083	13.22	0.00	13.22
37	085	96.91	0.00	96.91
37	087	84.66	0.00	84.66
37	089	14.36	0.00	14.36
37	091	4.95	0.00	4.95
37	093	4.53	0.00	4.53
37	095	0.51	0.27	0.78
37	097	23.55	0.00	23.55
37	099	4.51	0.00	4.51
37	101	13.52	0.00	13.52
37	103	5.12	0.00	5.12
37	105	8.56	0.00	8.56
37	107	11.53	0.00	11.53
37	109	10.59	0.00	10.59
37	111	10.53	0.00	10.53
37	113	16.98	0.00	16.98
37	115	4.19	0.00	4.19
37	117	5.92	0.00	5.92
37	119	2748.99	0.00	2748.99
37	121	6.57	0.00	6.57
37	123	6.79	0.00	6.79
37	125	26.56	0.00	26.56
37	127	24.04	0.00	24.04
37	129	66.57	0.00	66.57
37	131	4.75	0.00	4.75
37	133	14.76	0.00	14.76
37	135	16.02	0.00	16.02
37	137	3.00	0.00	3.00
37	139	5.31	0.00	5.31
37	141	4.11	0.00	4.11
37	143	2.13	0.00	2.13
37	145	678.29	0.00	678.29
37	147	25.95	0.00	25.95
37	149	2.68	0.00	2.68
37	151	23.68	0.00	23.68
37	153	11.93	0.00	11.93
37	155	37.76	0.00	37.76
37	157	68.80	0.00	68.80
37	159	71.85	0.00	71.85
37	161	32.87	0.00	32.87
37	163	20.59	0.00	20.59
37	165	8.93	0.00	8.93
37	167	13.34	0.00	13.34
37	169	898.31	0.00	898.31
37	171	25.52	0.00	25.52
37	173	22.70	0.00	22.70
37	175	29.50	0.00	29.50
37	177	0.51	0.00	0.51
37	179	27.46	0.00	27.46
37	181	22.00	0.00	22.00
37	183	78.80	0.00	78.80
37	185	2.91	0.00	2.91
37	187	5.60	0.00	5.60
37	189	6.25	0.00	6.25
37	191	32.01	0.00	32.01
37	193	18.48	0.00	18.48
37	195	16.82	0.00	16.82
37	197	6.30	0.00	6.30
37	199	2.29	0.00	2.29
38	001	0.82	0.00	0.82
38	003	2.32	0.00	2.32
38	005	2.68	0.00	2.68
38	007	1.44	0.00	1.44
38	009	1.87	0.00	1.87
38	011	2.90	0.00	2.90
38	013	0.80	0.00	0.80
38	015	12.16	0.00	12.16
38	017	18.83	0.00	18.83
38	019	0.87	0.00	0.87
38	021	7.09	0.00	7.09
38	023	2.34	0.00	2.34
38	025	3.35	0.00	3.35
38	027	1.50	0.00	1.50
38	029	6.41	0.00	6.41
38	031	2.21	0.00	2.21
38	033	2.99	0.00	2.99
38	035	15.57	0.00	15.57
38	037	7.85	0.00	7.85
38	039	1.56	0.00	1.56
38	041	0.57	0.00	0.57
38	043	6.13	0.00	6.13
38	045	5.13	0.00	5.13
38	047	2.00	0.00	2.00
38	049	18.63	0.00	18.63
38	051	1.08	0.00	1.08
38	053	13.00	0.00	13.00
38	055	160.98	0.00	160.98
38	057	277.85	0.00	277.85
38	059	37.54	0.00	37.54
38	061	1.53	0.00	1.53
38	063	1.13	0.00	1.13
38	065	434.54	0.00	434.54
38	067	2.08	0.00	2.08
38	069	1.68	0.00	1.68
38	071	0.57	0.00	0.57
38	073	13.19	0.00	13.19
38	075	0.26	0.00	0.26
38	077	3.84	0.00	3.84
38	079	2.00	0.00	2.00
38	081	6.31	0.00	6.31
38	083	0.53	0.00	0.53
38	085	0.87	0.00	0.87
38	087	0.98	0.00	0.98
38	089	1.70	0.00	1.70
38	091	0.92	0.00	0.92
38	093	6.31	0.00	6.31
38	095	0.72	0.00	0.72
38	097	1.41	0.00	1.41
38	099	2.24	0.00	2.24
38	101	9.26	0.00	9.26
38	103	0.85	0.00	0.85
38	105	11.04	0.00	11.04
39	001	735.02	0.00	735.02
39	003	39.93	0.00	39.93
39	005	6.35	0.00	6.35
39	007	211.00	0.00	211.00
39	009	7.02	0.00	7.02
39	011	14.50	0.00	14.50
39	013	239.64	0.00	239.64
39	015	3.77	0.00	3.77
39	017	73.85	0.00	73.85
39	019	3.62	0.00	3.62
39	021	5.06	0.00	5.06
39	023	25.38	0.00	25.38
39	025	547.35	0.00	547.35
39	027	2.31	0.00	2.31
39	029	14.22	0.00	14.22
39	031	238.36	0.00	238.36
39	033	5.73	0.00	5.73
39	035	429.07	0.00	429.07
39	037	7.57	0.00	7.57
39	039	6.29	0.00	6.29
39	041	16.80	0.00	16.80
39	043	22.05	0.00	22.05
39	045	13.12	0.00	13.12
39	047	3.52	0.00	3.52
39	049	162.26	0.00	162.26
39	051	5.78	0.00	5.78
39	053	1285.34	0.00	1285.34
39	055	7.75	0.00	7.75
39	057	18.22	0.00	18.22
39	059	6.97	0.00	6.97
39	061	310.94	0.00	310.94
39	063	18.16	0.00	18.16
39	065	3.68	0.00	3.68
39	067	2.16	0.00	2.16
39	069	9.35	0.00	9.35
39	071	4.29	0.00	4.29
39	073	4.55	0.00	4.55
39	075	5.28	0.00	5.28
39	077	10.88	0.00	10.88
39	079	2.35	0.00	2.35
39	081	2146.82	0.00	2146.82
39	083	7.35	0.00	7.35
39	085	803.89	0.00	803.89
39	087	8.74	0.00	8.74
39	089	18.20	0.00	18.20
39	091	6.15	0.00	6.15
39	093	544.48	0.00	544.48
39	095	753.74	0.00	753.74
39	097	4.10	0.00	4.10
39	099	7.93	0.00	7.93
39	101	9.08	0.00	9.08
39	103	16.82	0.00	16.82
39	105	8.51	0.00	8.51
39	107	6.87	0.00	6.87
39	109	42.12	0.00	42.12
39	111	3.74	0.00	3.74
39	113	178.85	0.00	178.85
39	115	3.81	0.00	3.81
39	117	2.57	0.00	2.57
39	119	19.45	0.00	19.45
39	121	1.38	0.00	1.38
39	123	50.92	0.00	50.92
39	125	3.16	0.00	3.16
39	127	3.50	0.00	3.50
39	129	37.36	0.00	37.36
39	131	4.20	0.00	4.20
39	133	17.14	0.00	17.14
39	135	4.48	0.00	4.48
39	137	4.77	0.00	4.77
39	139	16.27	0.00	16.27
39	141	41.86	0.00	41.86
39	143	19.76	0.00	19.76
39	145	11.73	0.00	11.73
39	147	5.08	0.00	5.08
39	149	13.41	0.00	13.41
39	151	44.54	0.00	44.54
39	153	82.72	0.00	82.72
39	155	231.21	0.00	231.21
39	157	40.09	0.00	40.09
39	159	5.78	0.00	5.78
39	161	4.80	0.00	4.80
39	163	1.23	0.00	1.23
39	165	21.53	0.00	21.53
39	167	690.47	0.00	690.47
39	169	19.23	0.00	19.23
39	171	5.18	0.00	5.18
39	173	11.78	0.00	11.78
39	175	7.05	0.00	7.05
40	001	9.64	0.00	9.64
40	003	3.30	0.91	4.21
40	005	55.46	0.00	55.46
40	007	33.62	2.55	36.17
40	009	7.87	0.44	8.31
40	011	5.23	0.55	5.78
40	013	15.97	2.81	18.78
40	015	47.59	4.41	52.00
40	017	9.89	0.85	10.74
40	019	4.16	56.49	60.65
40	021	22.98	0.00	22.98
40	023	12.70	0.00	12.70
40	025	216.91	0.46	217.37
40	027	25.41	0.73	26.14
40	029	6.68	0.37	7.05
40	031	21.13	0.09	21.22
40	033	2.36	1.38	3.74
40	035	3.09	0.00	3.09
40	037	7.12	29.85	36.97
40	039	13.26	0.10	13.36
40	041	5.87	0.00	5.87
40	043	4.16	3.08	7.24
40	045	45.00	1.71	46.71
40	047	6.09	2.37	8.46
40	049	5.48	7.00	12.48
40	051	17.52	2.76	20.28
40	053	2.93	1.30	4.23
40	055	4.65	0.01	4.66
40	057	16.37	0.01	16.38
40	059	15.59	11.53	27.12
40	061	4.14	0.00	4.14
40	063	16.89	1.40	18.29
40	065	46.05	0.09	46.14
40	067	7.09	1.62	8.71
40	069	5.58	0.00	5.58
40	071	25.24	3.93	29.17
40	073	8.83	0.84	9.67
40	075	11.48	0.06	11.54
40	077	2.21	0.15	2.36
40	079	14.24	0.01	14.25
40	081	8.42	3.86	12.28
40	083	6.32	2.24	8.56
40	085	2.62	0.23	2.85
40	087	4.92	0.58	5.50
40	089	11.30	0.00	11.30
40	091	4.84	0.11	4.95
40	093	10.97	0.87	11.84
40	095	2.47	0.06	2.53
40	097	84.46	0.01	84.47
40	099	14.40	1.18	15.58
40	101	83.54	2.83	86.37
40	103	3.20	2.46	5.66
40	105	1.68	5.29	6.97
40	107	2.19	1.52	3.71
40	109	77.44	6.02	83.46
40	111	8.21	1.98	10.19
40	113	19.44	0.57	20.01
40	115	5.04	0.00	5.04
40	117	25.30	2.82	28.12
40	119	6.05	11.94	17.99
40	121	10.39	0.10	10.49
40	123	6.68	15.93	22.61
40	125	11.40	11.34	22.74
40	127	2.65	0.00	2.65
40	129	6.94	0.41	7.35
40	131	78.98	0.22	79.20
40	133	17.26	15.43	32.69
40	135	14.08	0.00	14.08
40	137	7.12	17.85	24.97
40	139	374.95	6.64	381.59
40	141	6.99	0.11	7.10
40	143	17.19	1.86	19.05
40	145	20.30	0.61	20.91
40	147	4.06	2.40	6.46
40	149	7.08	0.08	7.16
40	151	6.35	1.24	7.59
40	153	16.33	0.00	16.33
41	001	462.79	0.00	462.79
41	003	80.93	0.00	80.93
41	005	228.46	0.00	228.46
41	007	126.69	0.00	126.69
41	009	99.57	0.00	99.57
41	011	36.61	0.00	36.61
41	013	226.20	0.00	226.20
41	015	19.79	0.00	19.79
41	017	180.80	0.00	180.80
41	019	189.71	0.00	189.71
41	021	31.12	0.00	31.12
41	023	223.48	0.00	223.48
41	025	549.14	0.00	549.14
41	027	117.49	0.00	117.49
41	029	363.60	0.00	363.60
41	031	163.65	0.00	163.65
41	033	59.59	0.00	59.59
41	035	694.84	0.00	694.84
41	037	685.98	0.00	685.98
41	039	350.07	0.00	350.07
41	041	41.84	0.00	41.84
41	043	183.99	0.00	183.99
41	045	610.19	0.00	610.19
41	047	265.71	0.00	265.71
41	049	347.53	0.00	347.53
41	051	197.78	0.00	197.78
41	053	68.27	0.00	68.27
41	055	21.86	0.00	21.86
41	057	85.33	0.00	85.33
41	059	378.12	0.00	378.12
41	061	202.81	0.00	202.81
41	063	168.08	0.00	168.08
41	065	130.15	0.00	130.15
41	067	106.86	0.00	106.86
41	069	51.33	0.00	51.33
41	071	155.63	0.00	155.63
42	001	26.92	0.00	26.92
42	003	904.23	0.00	904.23
42	005	144.56	0.00	144.56
42	007	695.94	0.00	695.94
42	009	11.97	0.00	11.97
42	011	85.12	0.00	85.12
42	013	35.66	0.00	35.66
42	015	13.74	0.00	13.74
42	017	94.85	0.00	94.85
42	019	30.91	0.00	30.91
42	021	22.60	0.00	22.60
42	023	0.79	0.00	0.79
42	025	37.42	0.00	37.42
42	027	33.59	0.00	33.59
42	029	274.09	0.00	274.09
42	031	4.51	0.00	4.51
42	033	319.71	0.00	319.71
42	035	35.69	0.00	35.69
42	037	9.31	0.00	9.31
42	039	16.87	0.00	16.87
42	041	54.56	0.00	54.56
42	043	123.04	0.00	123.04
42	045	828.21	0.00	828.21
42	047	17.50	0.00	17.50
42	049	97.15	0.00	97.15
42	051	42.99	0.00	42.99
42	053	0.50	0.00	0.50
42	055	20.80	0.00	20.80
42	057	1.97	0.00	1.97
42	059	43.92	0.00	43.92
42	061	9.28	0.00	9.28
42	063	239.58	0.00	239.58
42	065	6.81	0.00	6.81
42	067	4.15	0.00	4.15
42	069	51.54	0.00	51.54
42	071	165.69	0.00	165.69
42	073	154.09	0.00	154.09
42	075	24.02	0.00	24.02
42	077	49.06	0.00	49.06
42	079	104.87	0.00	104.87
42	081	16.33	0.00	16.33
42	083	15.24	0.00	15.24
42	085	85.39	0.00	85.39
42	087	15.45	0.00	15.45
42	089	15.38	0.00	15.38
42	091	141.60	0.00	141.60
42	093	21.23	0.00	21.23
42	095	471.60	0.00	471.60
42	097	30.64	0.00	30.64
42	099	3.90	0.00	3.90
42	101	574.50	0.00	574.50
42	103	4.12	0.00	4.12
42	105	4.12	0.00	4.12
42	107	55.48	0.00	55.48
42	109	299.31	0.00	299.31
42	111	40.14	0.00	40.14
42	113	3.40	0.00	3.40
42	115	5.50	0.00	5.50
42	117	6.15	0.00	6.15
42	119	7.47	0.00	7.47
42	121	12.91	0.00	12.91
42	123	72.21	0.00	72.21
42	125	451.63	0.00	451.63
42	127	5.44	0.00	5.44
42	129	119.99	0.00	119.99
42	131	17.59	0.00	17.59
42	133	2350.00	0.00	2350.00
72	001	1.92	0.00	1.92
72	003	0.63	0.00	0.63
72	005	14.75	0.00	14.75
72	007	2.13	0.00	2.13
72	009	3.49	0.00	3.49
72	011	0.51	0.00	0.51
72	013	18.27	0.00	18.27
72	015	1.03	0.00	1.03
72	017	6.45	0.00	6.45
72	019	1.73	0.00	1.73
72	021	0.85	0.00	0.85
72	023	4.32	0.00	4.32
72	025	7.80	0.00	7.80
72	027	2.04	0.00	2.04
72	029	6.11	0.00	6.11
72	031	0.15	0.00	0.15
72	033	0.12	0.00	0.12
72	035	5.34	0.00	5.34
72	037	1.57	0.00	1.57
72	039	1.89	0.00	1.89
72	041	3.26	0.00	3.26
72	043	2.01	0.00	2.01
72	045	1.26	0.00	1.26
72	047	3.57	0.00	3.57
72	049	0.14	0.00	0.14
72	051	8.41	0.00	8.41
72	053	6.73	0.00	6.73
72	054	1.63	0.00	1.63
72	055	4.74	0.00	4.74
72	057	15.02	0.00	15.02
72	059	7.63	734.82	742.45
72	061	21.61	525.66	547.27
72	063	1.74	0.00	1.74
72	065	6.02	0.00	6.02
72	067	0.64	0.00	0.64
72	069	3.07	0.00	3.07
72	071	4.00	0.00	4.00
72	073	1.45	0.00	1.45
72	075	8.71	0.00	8.71
72	077	4.64	0.00	4.64
72	079	3.39	0.00	3.39
72	081	1.77	0.00	1.77
72	083	0.95	0.00	0.95
72	085	0.87	0.00	0.87
72	087	0.03	0.00	0.03
72	089	1.91	0.00	1.91
72	091	10.33	0.00	10.33
72	093	1.46	0.00	1.46
72	095	1.07	0.00	1.07
72	097	17.92	0.00	17.92
72	099	1.24	0.00	1.24
72	101	3.86	0.00	3.86
72	103	12.38	0.00	12.38
72	105	2.24	0.00	2.24
72	107	2.25	0.00	2.25
72	109	17.01	0.00	17.01
72	111	2.72	0.00	2.72
72	113	32.31	0.00	32.31
72	115	27.66	0.00	27.66
72	117	1.02	0.00	1.02
72	119	15.93	0.00	15.93
72	121	2.54	0.00	2.54
72	123	5.74	482.99	488.73
72	125	3.21	0.00	3.21
72	127	1.17	0.00	1.17
72	129	3.77	0.00	3.77
72	131	4.12	0.00	4.12
72	133	14.19	0.00	14.19
72	135	42.66	0.00	42.66
72	137	4.26	518.84	523.10
72	139	89.30	0.00	89.30
72	141	3.07	0.00	3.07
72	143	2.09	0.00	2.09
72	145	10.31	0.00	10.31
72	147	0.04	0.00	0.04
72	149	18.83	0.00	18.83
72	151	8.98	0.00	8.98
72	153	16.42	0.00	16.42
44	001	5.36	0.00	5.36
44	003	7.44	0.00	7.44
44	005	10.09	1.00	11.09
44	007	96.76	269.00	365.76
44	009	16.55	4.50	21.05
45	001	4.44	0.00	4.44
45	003	303.12	0.00	303.12
45	005	10.95	0.00	10.95
45	007	81.72	0.00	81.72
45	009	2.61	0.00	2.61
45	011	3.63	0.00	3.63
45	013	29.83	0.00	29.83
45	015	490.74	0.00	490.74
45	017	125.43	0.00	125.43
45	019	147.66	0.00	147.66
45	021	8.82	0.00	8.82
45	023	3.78	0.00	3.78
45	025	9.62	0.00	9.62
45	027	3.93	0.00	3.93
45	029	8.33	0.00	8.33
45	031	37.65	0.00	37.65
45	033	5.35	0.00	5.35
45	035	6.71	0.00	6.71
45	037	3.33	0.00	3.33
45	039	860.79	0.00	860.79
45	041	50.01	0.00	50.01
45	043	45.85	0.00	45.85
45	045	176.92	0.00	176.92
45	047	12.75	0.00	12.75
45	049	4.05	0.00	4.05
45	051	94.07	0.00	94.07
45	053	2.04	0.00	2.04
45	055	19.41	0.00	19.41
45	057	18.59	0.00	18.59
45	059	6.56	0.00	6.56
45	061	3.38	0.00	3.38
45	063	188.82	0.00	188.82
45	065	2.94	0.00	2.94
45	067	11.60	0.00	11.60
45	069	10.20	0.00	10.20
45	071	6.26	0.00	6.26
45	073	2533.55	0.00	2533.55
45	075	24.94	0.00	24.94
45	077	17.86	0.00	17.86
45	079	494.96	0.00	494.96
45	081	4.04	0.00	4.04
45	083	65.64	0.00	65.64
45	085	32.11	0.00	32.11
45	087	7.24	0.00	7.24
45	089	4.61	0.00	4.61
45	091	216.06	0.00	216.06
46	003	0.78	0.00	0.78
46	005	9.32	0.00	9.32
46	007	7.07	0.00	7.07
46	009	4.39	0.00	4.39
46	011	6.65	0.00	6.65
46	013	8.44	0.00	8.44
46	015	3.99	0.00	3.99
46	017	3.21	0.00	3.21
46	019	88.63	0.00	88.63
46	021	2.72	0.00	2.72
46	023	10.64	0.00	10.64
46	025	2.86	0.00	2.86
46	027	4.51	0.00	4.51
46	029	11.10	0.00	11.10
46	031	2.00	0.00	2.00
46	033	4.20	0.00	4.20
46	035	4.00	0.00	4.00
46	037	1.23	0.00	1.23
46	039	1.13	0.00	1.13
46	041	1.79	0.00	1.79
46	043	1.65	0.00	1.65
46	045	1.70	0.00	1.70
46	047	37.56	0.00	37.56
46	049	0.72	0.00	0.72
46	051	5.61	0.00	5.61
46	053	2.11	0.00	2.11
46	055	2.12	0.00	2.12
46	057	2.70	0.00	2.70
46	059	1.71	0.00	1.71
46	061	0.88	0.00	0.88
46	063	1.18	0.00	1.18
46	065	21.67	0.00	21.67
46	067	2.66	0.00	2.66
46	069	1.38	0.00	1.38
46	071	1.98	0.00	1.98
46	073	1.20	0.00	1.20
46	075	0.99	0.00	0.99
46	077	3.24	0.00	3.24
46	079	3.39	0.00	3.39
46	081	14.83	0.00	14.83
46	083	2.79	0.00	2.79
46	085	5.04	0.00	5.04
46	087	1.50	0.00	1.50
46	089	1.89	0.00	1.89
46	091	1.60	0.00	1.60
46	093	5.20	0.00	5.20
46	095	1.09	0.00	1.09
46	097	0.71	0.00	0.71
46	099	24.86	0.00	24.86
46	101	2.16	0.00	2.16
46	103	30.15	0.00	30.15
46	105	1.50	0.00	1.50
46	107	3.80	0.00	3.80
46	109	1.62	0.00	1.62
46	111	0.79	0.00	0.79
46	113	1.15	0.00	1.15
46	115	8.46	0.00	8.46
46	117	2.50	0.00	2.50
46	119	12.88	0.00	12.88
46	121	8.34	0.00	8.34
46	123	5.12	0.00	5.12
46	125	15.11	0.00	15.11
46	127	16.03	0.00	16.03
46	129	6.46	0.00	6.46
46	135	10.52	0.00	10.52
46	137	0.81	0.00	0.81
47	001	507.73	0.00	507.73
47	003	6.53	0.00	6.53
47	005	4.20	0.00	4.20
47	007	1.65	0.00	1.65
47	009	14.08	0.00	14.08
47	011	18.72	0.00	18.72
47	013	4.09	0.00	4.09
47	015	1.29	0.00	1.29
47	017	4.98	0.00	4.98
47	019	19.77	0.00	19.77
47	021	2.43	0.00	2.43
47	023	1.58	0.00	1.58
47	025	2.61	0.00	2.61
47	027	1.56	0.00	1.56
47	029	7.37	0.00	7.37
47	031	5.55	0.00	5.55
47	033	3.38	0.00	3.38
47	035	7.60	0.00	7.60
47	037	148.38	0.00	148.38
47	039	6.86	0.00	6.86
47	041	1.59	0.00	1.59
47	043	4.41	0.00	4.41
47	045	7.12	0.00	7.12
47	047	5.92	0.00	5.92
47	049	19.92	0.00	19.92
47	051	4.80	0.00	4.80
47	053	8.30	0.00	8.30
47	055	4.83	0.00	4.83
47	057	1.73	0.00	1.73
47	059	10.36	0.00	10.36
47	061	1.82	0.00	1.82
47	063	8.25	0.00	8.25
47	065	1533.32	0.00	1533.32
47	067	0.58	0.00	0.58
47	069	3.15	0.00	3.15
47	071	28.76	0.00	28.76
47	073	552.69	0.00	552.69
47	075	2.90	0.00	2.90
47	077	3.02	0.00	3.02
47	079	4.23	0.00	4.23
47	081	3.33	0.00	3.33
47	083	1.31	0.00	1.31
47	085	1220.57	0.00	1220.57
47	087	1.32	0.00	1.32
47	089	7.43	0.00	7.43
47	091	2.74	0.00	2.74
47	093	63.25	0.00	63.25
47	095	2.14	0.00	2.14
47	097	4.96	0.00	4.96
47	099	6.07	0.00	6.07
47	101	1.59	0.00	1.59
47	103	4.54	0.00	4.54
47	105	16.56	0.00	16.56
47	107	85.36	0.00	85.36
47	109	4.26	0.00	4.26
47	111	1.76	0.00	1.76
47	113	18.62	0.00	18.62
47	115	3.12	0.00	3.12
47	117	3.47	0.00	3.47
47	119	18.84	0.00	18.84
47	121	1.40	0.00	1.40
47	123	4.87	0.00	4.87
47	125	25.04	0.00	25.04
47	127	0.82	0.00	0.82
47	129	1.35	0.00	1.35
47	131	6.00	0.00	6.00
47	133	1.19	0.00	1.19
47	135	1.06	0.00	1.06
47	137	0.60	0.00	0.60
47	139	33.33	0.00	33.33
47	141	10.94	0.00	10.94
47	143	4.10	0.00	4.10
47	145	1254.34	0.00	1254.34
47	147	5.84	0.00	5.84
47	149	24.52	0.00	24.52
47	151	2.46	0.00	2.46
47	153	1.02	0.00	1.02
47	155	9.59	0.00	9.59
47	157	638.13	0.00	638.13
47	159	3.18	0.00	3.18
47	161	2196.73	0.00	2196.73
47	163	543.81	0.00	543.81
47	165	791.75	0.00	791.75
47	167	5.58	0.00	5.58
47	169	0.79	0.00	0.79
47	171	2.29	0.00	2.29
47	173	2.59	0.00	2.59
47	175	0.63	0.00	0.63
47	177	5.99	0.00	5.99
47	179	21.60	0.00	21.60
47	181	4.51	0.00	4.51
47	183	3.56	0.00	3.56
47	185	3.20	0.00	3.20
47	187	4.50	0.00	4.50
47	189	9.58	0.00	9.58
48	001	11.50	1.03	12.53
48	003	24.31	24.39	48.70
48	005	41.44	0.00	41.44
48	007	0.59	0.46	1.05
48	009	22.04	1.76	23.80
48	011	10.57	0.00	10.57
48	013	55.04	0.57	55.61
48	015	12.23	0.35	12.58
48	017	173.09	0.00	173.09
48	019	2.35	0.00	2.35
48	021	11.45	0.20	11.65
48	023	3.59	0.21	3.80
48	025	3.94	0.37	4.31
48	027	47.99	0.00	47.99
48	029	837.45	0.22	837.67
48	031	1.82	0.00	1.82
48	033	2.17	3.40	5.57
48	035	5.87	0.00	5.87
48	037	57.55	0.21	57.76
48	039	285.95	808.60	1094.55
48	041	33.46	4.48	37.94
48	043	3.72	0.00	3.72
48	045	26.91	0.00	26.91
48	047	2.26	0.23	2.49
48	049	19.13	0.17	19.30
48	051	10.78	5.74	16.52
48	053	134.15	0.00	134.15
48	055	5.84	0.94	6.78
48	057	85.35	155.60	240.95
48	059	3.29	0.45	3.74
48	061	456.51	0.00	456.51
48	063	2.86	0.33	3.19
48	065	71.92	0.44	72.36
48	067	79.88	0.51	80.39
48	069	400.58	0.00	400.58
48	071	123.66	1104.48	1228.14
48	073	347.06	0.33	347.39
48	075	6.61	0.00	6.61
48	077	16.25	1.05	17.30
48	079	54.11	4.52	58.63
48	081	31.96	0.91	32.87
48	083	3.75	0.37	4.12
48	085	339.08	0.00	339.08
48	087	28.06	0.01	28.07
48	089	230.84	0.32	231.16
48	091	28.19	0.00	28.19
48	093	46.23	0.01	46.24
48	095	6.92	0.97	7.89
48	097	8.07	1.62	9.69
48	099	1.92	0.00	1.92
48	101	2.78	0.06	2.84
48	103	3.67	11.82	15.49
48	105	5.08	2.57	7.65
48	107	91.49	0.48	91.97
48	109	7.90	0.24	8.14
48	111	329.19	0.00	329.19
48	113	728.65	0.00	728.65
48	115	45.73	4.50	50.23
48	117	278.55	0.00	278.55
48	119	0.76	0.00	0.76
48	121	165.98	0.01	165.99
48	123	5.27	0.20	5.47
48	125	5.14	0.38	5.52
48	127	13.52	0.94	14.46
48	129	15.46	0.00	15.46
48	131	16.51	6.09	22.60
48	133	15.44	0.47	15.91
48	135	17.91	22.15	40.06
48	137	1.04	0.00	1.04
48	139	15.78	0.00	15.78
48	141	392.62	0.00	392.62
48	143	25.11	0.00	25.11
48	145	8.81	0.01	8.82
48	147	477.49	0.00	477.49
48	149	17.42	6.52	23.94
48	151	2.83	1.14	3.97
48	153	226.26	0.00	226.26
48	155	4.73	0.24	4.97
48	157	214.91	1.95	216.86
48	159	4.64	0.44	5.08
48	161	868.04	0.15	868.19
48	163	100.04	2.21	102.25
48	165	549.71	29.71	579.42
48	167	61.07	526.36	587.43
48	169	5.27	5.03	10.30
48	171	7.33	0.00	7.33
48	173	52.12	4.03	56.15
48	175	8.19	0.24	8.43
48	177	8.83	0.69	9.52
48	179	25.17	1.80	26.97
48	181	27.32	1.37	28.69
48	183	24.47	17.77	42.24
48	185	9.09	0.44	9.53
48	187	9.53	0.95	10.48
48	189	354.04	0.91	354.95
48	191	11.56	0.00	11.56
48	193	3.32	0.00	3.32
48	195	166.82	0.27	167.09
48	197	10.74	1.82	12.56
48	199	184.32	1.26	185.58
48	201	498.88	396.03	894.91
48	203	81.06	0.58	81.64
48	205	211.38	0.23	211.61
48	207	97.49	0.63	98.12
48	209	17.26	0.00	17.26
48	211	3.79	0.18	3.97
48	213	125.10	1.38	126.48
48	215	932.27	0.10	932.37
48	217	5.65	0.00	5.65
48	219	155.89	20.26	176.15
48	221	3333.38	0.00	3333.38
48	223	12.37	0.49	12.86
48	225	5.73	0.46	6.19
48	227	6.71	7.05	13.76
48	229	157.51	0.00	157.51
48	231	97.18	0.02	97.20
48	233	145.60	1.21	146.81
48	235	3.49	2.05	5.54
48	237	2.35	0.92	3.27
48	239	86.97	1.42	88.39
48	241	56.66	0.76	57.42
48	243	1.18	0.00	1.18
48	245	168.51	3.95	172.46
48	247	1.61	0.18	1.79
48	249	4.82	0.26	5.08
48	251	13.26	0.00	13.26
48	253	285.94	0.81	286.75
48	255	4.63	0.30	4.93
48	257	6.68	0.11	6.79
48	259	4.35	0.00	4.35
48	261	0.69	0.35	1.04
48	263	2.05	8.02	10.07
48	265	7.71	0.00	7.71
48	267	2.99	0.00	2.99
48	269	0.68	3.60	4.28
48	271	8.53	0.00	8.53
48	273	7.36	0.48	7.84
48	275	26.35	0.37	26.72
48	277	22.32	0.00	22.32
48	279	293.25	0.27	293.52
48	281	1.71	0.00	1.71
48	283	6.82	0.49	7.31
48	285	16.36	0.17	16.53
48	287	4.82	5.55	10.37
48	289	7.11	1.90	9.01
48	291	611.93	1.42	613.35
48	293	23.70	0.11	23.81
48	295	17.18	0.64	17.82
48	297	9.29	0.38	9.67
48	299	4.72	0.00	4.72
48	301	0.59	1.12	1.71
48	303	217.81	1.55	219.36
48	305	50.89	0.22	51.11
48	307	6.39	0.10	6.49
48	309	57.35	0.00	57.35
48	311	1.25	1.24	2.49
48	313	2.81	0.37	3.18
48	315	5.06	0.22	5.28
48	317	9.20	4.99	14.19
48	319	12.71	0.00	12.71
48	321	123.65	0.59	124.24
48	323	133.91	0.76	134.67
48	325	50.07	0.10	50.17
48	327	6.31	0.07	6.38
48	329	50.99	8.53	59.52
48	331	50.12	0.18	50.30
48	333	3.90	0.00	3.90
48	335	4.66	2.82	7.48
48	337	4.60	1.33	5.93
48	339	37.57	1.07	38.64
48	341	311.76	0.34	312.10
48	343	85.89	0.00	85.89
48	345	5.94	0.11	6.05
48	347	13.93	0.01	13.94
48	349	8.59	0.32	8.91
48	351	3.88	1.12	5.00
48	353	4.23	1.47	5.70
48	355	155.65	769.93	925.58
48	357	84.86	0.86	85.72
48	359	6.41	0.16	6.57
48	361	80.02	1110.71	1190.73
48	363	461.82	0.24	462.06
48	365	11.36	0.33	11.69
48	367	18.85	0.01	18.86
48	369	342.26	0.00	342.26
48	371	70.19	16.28	86.47
48	373	8.94	0.42	9.36
48	375	28.30	0.21	28.51
48	377	22.10	0.00	22.10
48	379	1.39	0.00	1.39
48	381	54.52	0.00	54.52
48	383	30.40	3.90	34.30
48	385	1.04	0.00	1.04
48	387	4.80	0.24	5.04
48	389	97.35	0.83	98.18
48	391	1.49	4.52	6.01
48	393	5.60	0.25	5.85
48	395	23.04	0.56	23.60
48	397	0.18	0.00	0.18
48	399	6.16	0.74	6.90
48	401	24.64	3.77	28.41
48	403	1.90	0.44	2.34
48	405	1.47	0.66	2.13
48	407	2.32	0.03	2.35
48	409	11.67	0.71	12.38
48	411	5.28	0.00	5.28
48	413	2.88	0.42	3.30
48	415	18.92	6.60	25.52
48	417	1.29	1.12	2.41
48	419	6.36	0.03	6.39
48	421	244.03	0.24	244.27
48	423	37.85	1.46	39.31
48	425	5.97	0.00	5.97
48	427	49.56	0.44	50.00
48	429	6.28	3.42	9.70
48	431	1.73	1.51	3.24
48	433	1.51	2.34	3.85
48	435	3.16	0.02	3.18
48	437	181.33	0.00	181.33
48	439	175.74	0.00	175.74
48	441	25.06	0.64	25.70
48	443	1.05	0.02	1.07
48	445	150.71	4.52	155.23
48	447	1.10	1.18	2.28
48	449	1420.38	0.50	1420.88
48	451	256.82	1.10	257.92
48	453	590.48	0.00	590.48
48	455	1.87	0.04	1.91
48	457	2.71	0.39	3.10
48	459	6.75	0.14	6.89
48	461	20.10	9.12	29.22
48	463	60.82	0.00	60.82
48	465	12.37	0.00	12.37
48	467	8.11	1.56	9.67
48	469	47.35	0.92	48.27
48	471	5.22	0.00	5.22
48	473	24.40	0.05	24.45
48	475	34.68	5.47	40.15
48	477	5.67	0.87	6.54
48	479	42.86	0.25	43.11
48	481	271.96	1.49	273.45
48	483	5.71	0.46	6.17
48	485	28.32	2.51	30.83
48	487	27.92	0.65	28.57
48	489	0.12	0.55	0.67
48	491	25.94	0.01	25.95
48	493	16.36	0.76	17.12
48	495	3.96	3.46	7.42
48	497	21.04	0.73	21.77
48	499	9.08	6.44	15.52
48	501	104.57	22.91	127.48
48	503	7.76	1.70	9.46
48	505	5.82	0.05	5.87
48	507	69.97	1.14	71.11
49	001	129.31	6.74	136.05
49	003	370.90	0.00	370.90
49	005	292.87	0.00	292.87
49	007	71.95	0.00	71.95
49	009	15.35	0.00	15.35
49	011	159.18	0.00	159.18
49	013	171.50	0.00	171.50
49	015	152.62	0.00	152.62
49	017	70.92	0.00	70.92
49	019	10.30	0.00	10.30
49	021	154.11	0.00	154.11
49	023	110.55	0.00	110.55
49	025	10.03	0.00	10.03
49	027	284.51	0.00	284.51
49	029	106.97	0.00	106.97
49	031	71.56	0.00	71.56
49	033	152.79	0.00	152.79
49	035	386.04	0.02	386.06
49	037	42.06	0.00	42.06
49	039	149.23	0.00	149.23
49	041	209.38	0.00	209.38
49	043	90.93	0.00	90.93
49	045	103.09	107.51	210.60
49	047	195.45	0.00	195.45
49	049	298.77	0.05	298.82
49	051	96.50	0.00	96.50
49	053	84.16	0.00	84.16
49	055	58.32	0.00	58.32
49	057	252.09	42.75	294.84
50	001	6.72	0.00	6.72
50	003	8.16	0.00	8.16
50	005	6.58	0.00	6.58
50	007	20.08	0.00	20.08
50	009	2.45	0.00	2.45
50	011	7.66	0.00	7.66
50	013	7.04	0.00	7.04
50	015	4.22	0.00	4.22
50	017	3.18	0.00	3.18
50	019	4.63	0.00	4.63
50	021	15.81	0.00	15.81
50	023	7.87	0.00	7.87
50	025	460.33	0.00	460.33
50	027	10.55	0.00	10.55
51	001	8.85	0.00	8.85
51	003	16.45	0.00	16.45
51	005	57.08	0.00	57.08
51	007	2.31	0.00	2.31
51	009	18.18	0.00	18.18
51	011	1.85	0.00	1.85
51	013	0.14	0.00	0.14
51	015	17.46	0.00	17.46
51	017	2.10	0.00	2.10
51	019	16.96	0.00	16.96
51	021	1.15	0.00	1.15
51	023	18.44	0.00	18.44
51	025	3.97	0.00	3.97
51	027	3.58	0.00	3.58
51	029	2.25	0.00	2.25
51	031	11.29	0.00	11.29
51	033	3.07	0.00	3.07
51	035	3.53	0.00	3.53
51	036	1.66	0.00	1.66
51	037	1.93	0.00	1.93
51	041	1007.84	0.00	1007.84
51	043	1.95	0.00	1.95
51	045	0.55	0.00	0.55
51	047	3.82	0.00	3.82
51	049	0.91	0.00	0.91
51	051	3.26	0.00	3.26
51	053	4.15	0.00	4.15
51	057	1.07	0.00	1.07
51	059	76.65	0.00	76.65
51	061	6.62	0.00	6.62
51	063	1.62	0.00	1.62
51	065	117.60	0.00	117.60
51	067	5.69	0.00	5.69
51	069	5.54	0.00	5.54
51	071	309.32	0.00	309.32
51	073	2.77	0.00	2.77
51	075	2.93	0.00	2.93
51	077	2.07	0.00	2.07
51	079	1.60	0.00	1.60
51	081	3.39	0.00	3.39
51	083	7.13	0.00	7.13
51	085	26.35	0.00	26.35
51	087	7.99	0.00	7.99
51	089	41.60	0.00	41.60
51	091	5.90	0.00	5.90
51	093	56.34	0.00	56.34
51	095	33.00	0.00	33.00
51	097	0.66	0.00	0.66
51	099	3.73	0.00	3.73
51	101	22.37	0.00	22.37
51	103	2.33	0.00	2.33
51	105	3.75	0.00	3.75
51	107	18.23	0.00	18.23
51	109	2077.53	0.00	2077.53
51	111	1.80	0.00	1.80
51	113	1.78	0.00	1.78
51	115	0.77	0.00	0.77
51	117	10.66	0.00	10.66
51	119	1.05	0.00	1.05
51	121	24.59	0.00	24.59
51	125	2.81	0.00	2.81
51	127	40.08	0.00	40.08
51	131	6.35	0.00	6.35
51	133	1.21	0.00	1.21
51	135	3.22	0.00	3.22
51	137	3.41	0.00	3.41
51	139	4.58	0.00	4.58
51	141	2.38	0.00	2.38
51	143	10.55	0.00	10.55
51	145	1.74	0.00	1.74
51	147	2.75	0.00	2.75
51	149	22.07	0.00	22.07
51	153	330.12	0.00	330.12
51	155	8.69	0.00	8.69
51	157	0.93	0.00	0.93
51	159	2.05	0.00	2.05
51	161	8.07	0.00	8.07
51	163	7.17	0.00	7.17
51	165	29.05	0.00	29.05
51	167	15.69	0.00	15.69
51	169	2.69	0.00	2.69
51	171	6.92	0.00	6.92
51	173	5.74	0.00	5.74
51	175	25.37	0.00	25.37
51	177	7.98	0.00	7.98
51	179	10.76	0.00	10.76
51	181	1.28	1756.32	1757.60
51	183	1.63	0.00	1.63
51	185	6.78	0.00	6.78
51	187	8.31	0.00	8.31
51	191	12.50	0.00	12.50
51	193	2.58	0.00	2.58
51	195	8.30	0.00	8.30
51	197	4.96	0.00	4.96
51	199	25.19	490.07	515.26
51	510	282.13	0.00	282.13
51	515	0.00	0.00	0.00
51	520	0.00	0.00	0.00
51	530	0.36	0.00	0.36
51	540	0.00	0.00	0.00
51	550	12.04	544.30	556.34
51	560	0.00	0.00	0.00
51	570	0.00	0.00	0.00
51	580	3.44	0.00	3.44
51	590	18.92	0.00	18.92
51	595	1.38	0.00	1.38
51	600	0.07	0.00	0.07
51	610	0.00	0.00	0.00
51	620	1.21	0.00	1.21
51	630	4.18	0.00	4.18
51	640	2.58	0.00	2.58
51	650	1.64	0.00	1.64
51	660	0.00	0.00	0.00
51	670	156.04	0.00	156.04
51	678	0.00	0.00	0.00
51	680	1.35	0.00	1.35
51	683	0.11	0.00	0.11
51	685	0.41	0.00	0.41
51	690	0.09	0.00	0.09
51	700	32.56	4.71	37.27
51	710	13.58	0.00	13.58
51	720	0.91	0.00	0.91
51	730	0.05	0.00	0.05
51	735	0.00	0.00	0.00
51	740	2.47	0.00	2.47
51	750	3.12	0.00	3.12
51	760	70.39	0.00	70.39
51	770	9.18	0.00	9.18
51	775	3.36	0.00	3.36
51	780	1.88	0.00	1.88
51	790	0.00	0.00	0.00
51	800	88.90	0.00	88.90
51	810	8.18	0.00	8.18
51	820	11.51	0.00	11.51
51	830	1.58	0.00	1.58
51	840	0.24	0.00	0.24
78	001	7.14	88.09	95.23
78	003	0.28	0.00	0.28
78	004	4.24	101.87	106.11
53	001	346.25	0.00	346.25
53	003	5.74	0.00	5.74
53	005	1078.14	0.00	1078.14
53	007	127.62	0.00	127.62
53	009	101.55	0.00	101.55
53	011	195.05	0.00	195.05
53	013	17.14	0.00	17.14
53	015	208.40	0.00	208.40
53	017	63.01	0.00	63.01
53	019	13.25	0.00	13.25
53	021	844.38	0.00	844.38
53	023	2.02	0.00	2.02
53	025	1795.09	0.00	1795.09
53	027	93.18	10.62	103.80
53	029	14.25	0.00	14.25
53	031	25.59	6.55	32.14
53	033	291.56	0.00	291.56
53	035	40.44	0.00	40.44
53	037	452.58	0.00	452.58
53	039	98.87	0.00	98.87
53	041	54.28	0.00	54.28
53	043	71.55	0.00	71.55
53	045	18.66	0.01	18.67
53	047	139.73	0.00	139.73
53	049	9.78	0.00	9.78
53	051	5.11	0.00	5.11
53	053	198.25	20.69	218.94
53	055	3.04	0.00	3.04
53	057	45.87	0.00	45.87
53	059	13.31	0.00	13.31
53	061	173.17	0.00	173.17
53	063	188.69	0.00	188.69
53	065	29.36	0.00	29.36
53	067	49.58	0.00	49.58
53	069	3.25	0.00	3.25
53	071	353.55	0.00	353.55
53	073	160.81	0.00	160.81
53	075	15.46	0.00	15.46
53	077	1474.98	0.00	1474.98
54	001	2.23	0.01	2.24
54	003	20.77	0.00	20.77
54	005	4.04	0.01	4.05
54	007	5.74	0.01	5.75
54	009	50.28	0.00	50.28
54	011	82.51	0.00	82.51
54	013	1.55	0.01	1.56
54	015	1.37	0.01	1.38
54	017	0.85	0.02	0.87
54	019	33.46	0.01	33.47
54	021	1.20	0.03	1.23
54	023	1005.82	0.00	1005.82
54	025	11.17	0.00	11.17
54	027	2.66	0.00	2.66
54	029	175.76	0.00	175.76
54	031	13.54	0.00	13.54
54	033	59.46	0.04	59.50
54	035	50.50	0.01	50.51
54	037	13.74	0.00	13.74
54	039	637.58	0.04	637.62
54	041	5.63	0.03	5.66
54	043	2.07	0.02	2.09
54	045	6.20	0.01	6.21
54	047	7.30	0.02	7.32
54	049	55.58	0.00	55.58
54	051	750.54	0.00	750.54
54	053	661.74	0.00	661.74
54	055	21.87	0.00	21.87
54	057	5.17	0.00	5.17
54	059	6.48	0.02	6.50
54	061	132.10	0.01	132.11
54	063	3.44	0.00	3.44
54	065	2.69	0.00	2.69
54	067	5.15	0.00	5.15
54	069	43.84	0.00	43.84
54	071	4.85	0.00	4.85
54	073	123.38	0.00	123.38
54	075	5.13	0.00	5.13
54	077	147.22	0.00	147.22
54	079	70.07	0.01	70.08
54	081	14.60	0.01	14.61
54	083	15.14	0.01	15.15
54	085	3.96	0.02	3.98
54	087	3.46	0.01	3.47
54	089	1.55	0.00	1.55
54	091	7.28	0.01	7.29
54	093	16.81	0.00	16.81
54	095	24.97	0.01	24.98
54	097	3.89	0.02	3.91
54	099	20.82	0.01	20.83
54	101	1.70	0.00	1.70
54	103	91.84	0.00	91.84
54	105	2.51	0.00	2.51
54	107	168.58	0.00	168.58
54	109	6.46	0.03	6.49
55	001	38.21	0.00	38.21
55	003	34.54	0.00	34.54
55	005	16.40	0.00	16.40
55	007	5.42	0.00	5.42
55	009	496.54	0.00	496.54
55	011	178.21	0.00	178.21
55	013	2.17	0.00	2.17
55	015	5.90	0.00	5.90
55	017	11.23	0.00	11.23
55	019	5.13	0.00	5.13
55	021	17.10	0.00	17.10
55	023	2.79	0.00	2.79
55	025	112.67	0.00	112.67
55	027	13.67	0.00	13.67
55	029	4.92	0.00	4.92
55	031	6.71	0.00	6.71
55	033	15.06	0.00	15.06
55	035	18.05	0.00	18.05
55	037	0.55	0.00	0.55
55	039	17.22	0.00	17.22
55	041	1.01	0.00	1.01
55	043	251.53	0.00	251.53
55	045	6.45	0.00	6.45
55	047	5.29	0.00	5.29
55	049	3.31	0.00	3.31
55	051	0.80	0.00	0.80
55	053	9.34	0.00	9.34
55	055	22.66	0.00	22.66
55	057	8.35	0.00	8.35
55	059	35.09	0.00	35.09
55	061	725.93	0.00	725.93
55	063	69.02	0.00	69.02
55	065	3.15	0.00	3.15
55	067	13.27	0.00	13.27
55	069	10.85	0.00	10.85
55	071	1260.78	0.00	1260.78
55	073	183.41	0.00	183.41
55	075	22.25	0.00	22.25
55	077	1.62	0.00	1.62
55	078	0.28	0.00	0.28
55	079	1973.99	0.00	1973.99
55	081	6.37	0.00	6.37
55	083	6.21	0.00	6.21
55	085	32.84	0.00	32.84
55	087	67.67	0.00	67.67
55	089	223.54	0.00	223.54
55	091	1.42	0.00	1.42
55	093	4.28	0.00	4.28
55	095	4.80	0.00	4.80
55	097	85.22	0.00	85.22
55	099	9.33	0.00	9.33
55	101	37.68	0.00	37.68
55	103	2.73	0.00	2.73
55	105	151.95	0.00	151.95
55	107	4.19	0.00	4.19
55	109	7.66	0.00	7.66
55	111	13.20	0.00	13.20
55	113	1.50	0.00	1.50
55	115	6.00	0.00	6.00
55	117	464.69	0.00	464.69
55	119	2.20	0.00	2.20
55	121	5.62	0.00	5.62
55	123	200.62	0.00	200.62
55	125	1.47	0.00	1.47
55	127	14.57	0.00	14.57
55	129	2.46	0.00	2.46
55	131	12.78	0.00	12.78
55	133	43.48	0.00	43.48
55	135	10.20	0.00	10.20
55	137	25.65	0.00	25.65
55	139	68.67	0.00	68.67
55	141	121.86	0.00	121.86
56	001	179.67	0.03	179.70
56	003	740.89	0.45	741.34
56	005	52.04	8.85	60.89
56	007	786.14	0.74	786.88
56	009	224.53	1.30	225.83
56	011	44.55	1.05	45.60
56	013	594.00	0.12	594.12
56	015	165.50	0.17	165.67
56	017	204.36	0.17	204.53
56	019	299.86	0.31	300.17
56	021	112.75	0.07	112.82
56	023	498.69	0.22	498.91
56	025	190.31	2.58	192.89
56	027	28.39	0.04	28.43
56	029	868.00	0.56	868.56
56	031	129.73	0.02	129.75
56	033	856.89	0.03	856.92
56	035	448.93	0.04	448.97
56	037	73.14	0.98	74.12
56	039	88.98	0.02	89.00
56	041	179.96	0.27	180.23
56	043	258.95	0.17	259.12
56	045	13.95	0.16	14.11
